sample	chr	startpos	endpos	nMajor	nMinor
A17F-0095_CRUK_PC_0095_M5	1	10583	936674	3	2
A17F-0095_CRUK_PC_0095_M5	1	936687	4085496	7	3
A17F-0095_CRUK_PC_0095_M5	1	4085504	4159891	12	4
A17F-0095_CRUK_PC_0095_M5	1	4160478	13714331	6	3
A17F-0095_CRUK_PC_0095_M5	1	13719052	15835288	8	7
A17F-0095_CRUK_PC_0095_M5	1	15835357	15970698	10	10
A17F-0095_CRUK_PC_0095_M5	1	15970868	21068527	8	7
A17F-0095_CRUK_PC_0095_M5	1	21068905	22325897	6	3
A17F-0095_CRUK_PC_0095_M5	1	22325898	22454117	7	7
A17F-0095_CRUK_PC_0095_M5	1	22454261	24254587	6	3
A17F-0095_CRUK_PC_0095_M5	1	24254820	24722068	12	4
A17F-0095_CRUK_PC_0095_M5	1	24722077	27161760	6	3
A17F-0095_CRUK_PC_0095_M5	1	27161761	38459935	4	0
A17F-0095_CRUK_PC_0095_M5	1	38460352	38495157	8	0
A17F-0095_CRUK_PC_0095_M5	1	38495175	41464715	4	0
A17F-0095_CRUK_PC_0095_M5	1	41464928	41491928	15	0
A17F-0095_CRUK_PC_0095_M5	1	41492004	43091957	4	0
A17F-0095_CRUK_PC_0095_M5	1	43091974	43150737	9	0
A17F-0095_CRUK_PC_0095_M5	1	43150771	50798862	4	0
A17F-0095_CRUK_PC_0095_M5	1	50799145	50880176	8	0
A17F-0095_CRUK_PC_0095_M5	1	50880245	51461518	4	0
A17F-0095_CRUK_PC_0095_M5	1	51461606	53025517	8	0
A17F-0095_CRUK_PC_0095_M5	1	53025632	53027266	0	0
A17F-0095_CRUK_PC_0095_M5	1	53027294	53199202	9	0
A17F-0095_CRUK_PC_0095_M5	1	53199241	55788152	4	0
A17F-0095_CRUK_PC_0095_M5	1	55788160	56048932	6	3
A17F-0095_CRUK_PC_0095_M5	1	56048933	56185476	7	7
A17F-0095_CRUK_PC_0095_M5	1	56185494	56457867	6	3
A17F-0095_CRUK_PC_0095_M5	1	56457871	56501395	16	5
A17F-0095_CRUK_PC_0095_M5	1	56501433	58879923	6	3
A17F-0095_CRUK_PC_0095_M5	1	58880049	59784981	17	4
A17F-0095_CRUK_PC_0095_M5	1	59785093	60534865	6	3
A17F-0095_CRUK_PC_0095_M5	1	60534934	60634945	7	7
A17F-0095_CRUK_PC_0095_M5	1	60635057	61310660	5	3
A17F-0095_CRUK_PC_0095_M5	1	61310673	62484462	4	0
A17F-0095_CRUK_PC_0095_M5	1	62484466	63566394	6	3
A17F-0095_CRUK_PC_0095_M5	1	63566402	63905314	4	0
A17F-0095_CRUK_PC_0095_M5	1	63905348	65413752	6	3
A17F-0095_CRUK_PC_0095_M5	1	65413953	65831069	7	7
A17F-0095_CRUK_PC_0095_M5	1	65831201	66463795	6	3
A17F-0095_CRUK_PC_0095_M5	1	66463920	66484266	16	5
A17F-0095_CRUK_PC_0095_M5	1	66484558	77738148	6	3
A17F-0095_CRUK_PC_0095_M5	1	77738199	77970504	1	0
A17F-0095_CRUK_PC_0095_M5	1	77970690	78551816	4	0
A17F-0095_CRUK_PC_0095_M5	1	78551873	101595203	1	0
A17F-0095_CRUK_PC_0095_M5	1	101595230	109943632	6	3
A17F-0095_CRUK_PC_0095_M5	1	109943685	153472571	2	2
A17F-0095_CRUK_PC_0095_M5	1	153472594	153926065	6	3
A17F-0095_CRUK_PC_0095_M5	1	153926078	154103897	7	7
A17F-0095_CRUK_PC_0095_M5	1	154104001	155014968	6	3
A17F-0095_CRUK_PC_0095_M5	1	155015024	156252137	2	2
A17F-0095_CRUK_PC_0095_M5	1	156252291	156614365	5	3
A17F-0095_CRUK_PC_0095_M5	1	156614521	162258307	2	2
A17F-0095_CRUK_PC_0095_M5	1	162258312	162310014	6	3
A17F-0095_CRUK_PC_0095_M5	1	162310078	168533037	2	2
A17F-0095_CRUK_PC_0095_M5	1	168533072	168584427	6	3
A17F-0095_CRUK_PC_0095_M5	1	168584543	184191948	2	2
A17F-0095_CRUK_PC_0095_M5	1	184191982	184344022	6	3
A17F-0095_CRUK_PC_0095_M5	1	184344245	186513265	2	2
A17F-0095_CRUK_PC_0095_M5	1	186513290	186559228	5	3
A17F-0095_CRUK_PC_0095_M5	1	186559280	191499904	2	2
A17F-0095_CRUK_PC_0095_M5	1	191499936	204688437	3	2
A17F-0095_CRUK_PC_0095_M5	1	204688443	211657634	2	2
A17F-0095_CRUK_PC_0095_M5	1	211657866	211687829	6	3
A17F-0095_CRUK_PC_0095_M5	1	211687830	236083295	2	2
A17F-0095_CRUK_PC_0095_M5	1	236083437	236168109	6	3
A17F-0095_CRUK_PC_0095_M5	1	236168130	246391324	2	2
A17F-0095_CRUK_PC_0095_M5	1	246391349	246691440	6	3
A17F-0095_CRUK_PC_0095_M5	1	246691480	249231445	2	2
A17F-0095_CRUK_PC_0095_M5	2	10520	3003937	11	4
A17F-0095_CRUK_PC_0095_M5	2	3003997	25820871	6	3
A17F-0095_CRUK_PC_0095_M5	2	25820998	86094429	2	2
A17F-0095_CRUK_PC_0095_M5	2	86094587	86129869	6	3
A17F-0095_CRUK_PC_0095_M5	2	86129876	98430072	2	2
A17F-0095_CRUK_PC_0095_M5	2	98430078	98775920	1	0
A17F-0095_CRUK_PC_0095_M5	2	98776016	105489129	2	2
A17F-0095_CRUK_PC_0095_M5	2	105489481	107732217	6	3
A17F-0095_CRUK_PC_0095_M5	2	107732221	109154689	2	2
A17F-0095_CRUK_PC_0095_M5	2	109154695	110501401	6	3
A17F-0095_CRUK_PC_0095_M5	2	110501449	128288444	2	2
A17F-0095_CRUK_PC_0095_M5	2	128288531	128978836	5	3
A17F-0095_CRUK_PC_0095_M5	2	128979238	130681480	2	2
A17F-0095_CRUK_PC_0095_M5	2	130681505	139817239	5	3
A17F-0095_CRUK_PC_0095_M5	2	139817340	157114207	6	3
A17F-0095_CRUK_PC_0095_M5	2	157114219	157549623	11	4
A17F-0095_CRUK_PC_0095_M5	2	157549666	159017916	6	3
A17F-0095_CRUK_PC_0095_M5	2	159018088	159397079	8	7
A17F-0095_CRUK_PC_0095_M5	2	159397266	162913579	6	3
A17F-0095_CRUK_PC_0095_M5	2	162913699	163441621	8	7
A17F-0095_CRUK_PC_0095_M5	2	163441664	165747815	6	3
A17F-0095_CRUK_PC_0095_M5	2	165747875	165992999	11	4
A17F-0095_CRUK_PC_0095_M5	2	165993002	166818479	17	5
A17F-0095_CRUK_PC_0095_M5	2	166818480	167080979	11	4
A17F-0095_CRUK_PC_0095_M5	2	167081179	174810893	6	3
A17F-0095_CRUK_PC_0095_M5	2	174810929	181857449	1	0
A17F-0095_CRUK_PC_0095_M5	2	181857450	181877041	4	0
A17F-0095_CRUK_PC_0095_M5	2	181877059	189949843	1	0
A17F-0095_CRUK_PC_0095_M5	2	189949857	202531264	6	3
A17F-0095_CRUK_PC_0095_M5	2	202531544	204666946	4	0
A17F-0095_CRUK_PC_0095_M5	2	204667061	204934191	8	0
A17F-0095_CRUK_PC_0095_M5	2	204934203	206535964	4	0
A17F-0095_CRUK_PC_0095_M5	2	206535974	211088298	6	3
A17F-0095_CRUK_PC_0095_M5	2	211088371	211408622	8	3
A17F-0095_CRUK_PC_0095_M5	2	211408631	233596453	6	3
A17F-0095_CRUK_PC_0095_M5	2	233596454	236359966	2	2
A17F-0095_CRUK_PC_0095_M5	2	236360004	236415342	6	3
A17F-0095_CRUK_PC_0095_M5	2	236415374	242836786	2	2
A17F-0095_CRUK_PC_0095_M5	2	242836800	243185846	5	3
A17F-0095_CRUK_PC_0095_M5	3	60157	3586774	1	0
A17F-0095_CRUK_PC_0095_M5	3	3586833	3591219	0	0
A17F-0095_CRUK_PC_0095_M5	3	3591303	8718810	1	0
A17F-0095_CRUK_PC_0095_M5	3	8718844	8723020	0	0
A17F-0095_CRUK_PC_0095_M5	3	8723024	16239391	1	0
A17F-0095_CRUK_PC_0095_M5	3	16239634	16241229	0	0
A17F-0095_CRUK_PC_0095_M5	3	16241233	18832833	1	0
A17F-0095_CRUK_PC_0095_M5	3	18832883	18850837	3	1
A17F-0095_CRUK_PC_0095_M5	3	18850843	19290310	1	0
A17F-0095_CRUK_PC_0095_M5	3	19290347	19309818	0	0
A17F-0095_CRUK_PC_0095_M5	3	19309855	19715586	1	0
A17F-0095_CRUK_PC_0095_M5	3	19715592	19750944	0	0
A17F-0095_CRUK_PC_0095_M5	3	19751104	20479567	1	0
A17F-0095_CRUK_PC_0095_M5	3	20479569	20771015	0	0
A17F-0095_CRUK_PC_0095_M5	3	20771019	22559374	1	0
A17F-0095_CRUK_PC_0095_M5	3	22559532	22612851	0	0
A17F-0095_CRUK_PC_0095_M5	3	22612903	23489038	1	0
A17F-0095_CRUK_PC_0095_M5	3	23489075	23500788	4	0
A17F-0095_CRUK_PC_0095_M5	3	23500919	32301352	1	0
A17F-0095_CRUK_PC_0095_M5	3	32301422	62125812	2	2
A17F-0095_CRUK_PC_0095_M5	3	62125898	62182812	6	3
A17F-0095_CRUK_PC_0095_M5	3	62182948	82350784	2	2
A17F-0095_CRUK_PC_0095_M5	3	82350854	110666633	3	2
A17F-0095_CRUK_PC_0095_M5	3	110666758	110799259	6	3
A17F-0095_CRUK_PC_0095_M5	3	110799303	122260383	2	2
A17F-0095_CRUK_PC_0095_M5	3	122260432	123416553	6	3
A17F-0095_CRUK_PC_0095_M5	3	123416637	143253430	2	2
A17F-0095_CRUK_PC_0095_M5	3	143253515	143335954	1	0
A17F-0095_CRUK_PC_0095_M5	3	143336033	172202136	2	2
A17F-0095_CRUK_PC_0095_M5	3	172202167	172402774	6	3
A17F-0095_CRUK_PC_0095_M5	3	172402783	172429764	19	5
A17F-0095_CRUK_PC_0095_M5	3	172429872	184486732	6	3
A17F-0095_CRUK_PC_0095_M5	3	184486780	184542046	19	5
A17F-0095_CRUK_PC_0095_M5	3	184542070	185667048	6	3
A17F-0095_CRUK_PC_0095_M5	3	185667080	197917378	2	2
A17F-0095_CRUK_PC_0095_M5	4	10240	680599	3	2
A17F-0095_CRUK_PC_0095_M5	4	680609	707811	6	3
A17F-0095_CRUK_PC_0095_M5	4	707851	4380143	2	2
A17F-0095_CRUK_PC_0095_M5	4	4380185	4997965	6	3
A17F-0095_CRUK_PC_0095_M5	4	4997989	26421152	2	2
A17F-0095_CRUK_PC_0095_M5	4	26421197	26463573	9	0
A17F-0095_CRUK_PC_0095_M5	4	26463640	54176401	2	2
A17F-0095_CRUK_PC_0095_M5	4	54176474	54352263	6	3
A17F-0095_CRUK_PC_0095_M5	4	54352325	54535134	11	4
A17F-0095_CRUK_PC_0095_M5	4	54535155	55035638	6	3
A17F-0095_CRUK_PC_0095_M5	4	55035646	64998847	2	2
A17F-0095_CRUK_PC_0095_M5	4	64998890	65611283	6	3
A17F-0095_CRUK_PC_0095_M5	4	65611310	78207580	3	2
A17F-0095_CRUK_PC_0095_M5	4	78207581	106342901	2	2
A17F-0095_CRUK_PC_0095_M5	4	106342919	106390734	6	3
A17F-0095_CRUK_PC_0095_M5	4	106390913	156564701	2	2
A17F-0095_CRUK_PC_0095_M5	4	156564760	156636582	6	3
A17F-0095_CRUK_PC_0095_M5	4	156636622	166428722	3	2
A17F-0095_CRUK_PC_0095_M5	4	166428749	171290568	1	0
A17F-0095_CRUK_PC_0095_M5	4	171290594	174746040	3	2
A17F-0095_CRUK_PC_0095_M5	4	174746106	187093803	1	0
A17F-0095_CRUK_PC_0095_M5	4	187093804	187098341	0	0
A17F-0095_CRUK_PC_0095_M5	4	187098533	190192103	1	0
A17F-0095_CRUK_PC_0095_M5	4	190192122	190200550	0	0
A17F-0095_CRUK_PC_0095_M5	4	190201475	191043227	1	0
A17F-0095_CRUK_PC_0095_M5	5	11940	1737911	6	3
A17F-0095_CRUK_PC_0095_M5	5	1737942	6657494	2	2
A17F-0095_CRUK_PC_0095_M5	5	6657530	7463407	6	3
A17F-0095_CRUK_PC_0095_M5	5	7463456	18256321	2	2
A17F-0095_CRUK_PC_0095_M5	5	18256350	19856923	6	3
A17F-0095_CRUK_PC_0095_M5	5	19856955	28919185	2	2
A17F-0095_CRUK_PC_0095_M5	5	28919259	28934292	7	4
A17F-0095_CRUK_PC_0095_M5	5	28934294	34785038	3	2
A17F-0095_CRUK_PC_0095_M5	5	34785122	54719326	2	2
A17F-0095_CRUK_PC_0095_M5	5	54719379	54811439	1	0
A17F-0095_CRUK_PC_0095_M5	5	54811739	54820965	0	0
A17F-0095_CRUK_PC_0095_M5	5	54820967	58229195	1	0
A17F-0095_CRUK_PC_0095_M5	5	58229227	58634225	5	3
A17F-0095_CRUK_PC_0095_M5	5	58634279	59360254	2	2
A17F-0095_CRUK_PC_0095_M5	5	59360282	59411475	6	3
A17F-0095_CRUK_PC_0095_M5	5	59411487	75581962	2	2
A17F-0095_CRUK_PC_0095_M5	5	75581965	76962274	6	3
A17F-0095_CRUK_PC_0095_M5	5	76962294	90391288	2	2
A17F-0095_CRUK_PC_0095_M5	5	90391303	90666728	6	3
A17F-0095_CRUK_PC_0095_M5	5	90666811	126806945	2	2
A17F-0095_CRUK_PC_0095_M5	5	126806982	126873303	9	0
A17F-0095_CRUK_PC_0095_M5	5	126873530	146964898	2	2
A17F-0095_CRUK_PC_0095_M5	5	146964940	156036987	6	3
A17F-0095_CRUK_PC_0095_M5	5	156037052	156238582	7	7
A17F-0095_CRUK_PC_0095_M5	5	156238635	158101202	6	3
A17F-0095_CRUK_PC_0095_M5	5	158101378	159198337	16	4
A17F-0095_CRUK_PC_0095_M5	5	159199338	159236779	31	5
A17F-0095_CRUK_PC_0095_M5	5	159236813	159622286	16	4
A17F-0095_CRUK_PC_0095_M5	5	159622419	173569376	6	3
A17F-0095_CRUK_PC_0095_M5	5	173569396	174655516	2	2
A17F-0095_CRUK_PC_0095_M5	5	174655530	175327680	6	3
A17F-0095_CRUK_PC_0095_M5	5	175327687	178368552	2	2
A17F-0095_CRUK_PC_0095_M5	5	178369213	179457898	5	3
A17F-0095_CRUK_PC_0095_M5	5	179457903	180789593	2	2
A17F-0095_CRUK_PC_0095_M5	6	202331	256537	1	0
A17F-0095_CRUK_PC_0095_M5	6	256558	382374	2	0
A17F-0095_CRUK_PC_0095_M5	6	382500	8339514	1	0
A17F-0095_CRUK_PC_0095_M5	6	8339516	17635410	6	3
A17F-0095_CRUK_PC_0095_M5	6	17635422	17722337	11	4
A17F-0095_CRUK_PC_0095_M5	6	17722359	17808488	6	3
A17F-0095_CRUK_PC_0095_M5	6	17808494	18083102	8	7
A17F-0095_CRUK_PC_0095_M5	6	18083249	29851039	6	3
A17F-0095_CRUK_PC_0095_M5	6	29851101	29905763	4	0
A17F-0095_CRUK_PC_0095_M5	6	29905773	30586341	6	3
A17F-0095_CRUK_PC_0095_M5	6	30586448	49755355	2	2
A17F-0095_CRUK_PC_0095_M5	6	49755358	49787541	5	3
A17F-0095_CRUK_PC_0095_M5	6	49787568	65107777	2	2
A17F-0095_CRUK_PC_0095_M5	6	65108070	66522877	6	3
A17F-0095_CRUK_PC_0095_M5	6	66522887	75229041	3	2
A17F-0095_CRUK_PC_0095_M5	6	75229198	75496426	1	0
A17F-0095_CRUK_PC_0095_M5	6	75496447	75511012	4	0
A17F-0095_CRUK_PC_0095_M5	6	75511041	77097624	1	0
A17F-0095_CRUK_PC_0095_M5	6	77097643	77102679	0	0
A17F-0095_CRUK_PC_0095_M5	6	77102716	77437305	1	0
A17F-0095_CRUK_PC_0095_M5	6	77437350	77459030	0	0
A17F-0095_CRUK_PC_0095_M5	6	77459061	78967017	1	0
A17F-0095_CRUK_PC_0095_M5	6	78967131	79036605	4	0
A17F-0095_CRUK_PC_0095_M5	6	79036668	79487727	1	0
A17F-0095_CRUK_PC_0095_M5	6	79487735	79497218	4	0
A17F-0095_CRUK_PC_0095_M5	6	79497227	98092274	1	0
A17F-0095_CRUK_PC_0095_M5	6	98092313	98112058	5	0
A17F-0095_CRUK_PC_0095_M5	6	98112121	109181261	1	0
A17F-0095_CRUK_PC_0095_M5	6	109181398	116829395	2	2
A17F-0095_CRUK_PC_0095_M5	6	116829554	117362650	6	3
A17F-0095_CRUK_PC_0095_M5	6	117362856	118046362	2	2
A17F-0095_CRUK_PC_0095_M5	6	118046395	118078415	6	3
A17F-0095_CRUK_PC_0095_M5	6	118078528	137151298	2	2
A17F-0095_CRUK_PC_0095_M5	6	137151684	139990599	1	0
A17F-0095_CRUK_PC_0095_M5	6	139990600	140003813	4	0
A17F-0095_CRUK_PC_0095_M5	6	140003853	141724987	1	0
A17F-0095_CRUK_PC_0095_M5	6	141725094	141770319	4	0
A17F-0095_CRUK_PC_0095_M5	6	141770329	168333514	1	0
A17F-0095_CRUK_PC_0095_M5	6	168333540	168574151	1	1
A17F-0095_CRUK_PC_0095_M5	6	168574260	168597751	3	1
A17F-0095_CRUK_PC_0095_M5	6	168597776	170568088	1	0
A17F-0095_CRUK_PC_0095_M5	6	170568163	170579200	5	0
A17F-0095_CRUK_PC_0095_M5	6	170579275	170985833	1	0
A17F-0095_CRUK_PC_0095_M5	6	171010411	171051256	12	0
A17F-0095_CRUK_PC_0095_M5	7	31273	2838787	12	4
A17F-0095_CRUK_PC_0095_M5	7	2838826	2870379	27	6
A17F-0095_CRUK_PC_0095_M5	7	2870454	5939783	11	4
A17F-0095_CRUK_PC_0095_M5	7	5940032	5970922	3	1
A17F-0095_CRUK_PC_0095_M5	7	5970955	8792733	10	4
A17F-0095_CRUK_PC_0095_M5	7	8792814	9427299	12	8
A17F-0095_CRUK_PC_0095_M5	7	9427310	12449038	10	4
A17F-0095_CRUK_PC_0095_M5	7	12449090	33712106	6	3
A17F-0095_CRUK_PC_0095_M5	7	33712165	35503437	10	4
A17F-0095_CRUK_PC_0095_M5	7	35503445	43703502	2	2
A17F-0095_CRUK_PC_0095_M5	7	43703597	44455862	6	3
A17F-0095_CRUK_PC_0095_M5	7	44455926	45032112	2	2
A17F-0095_CRUK_PC_0095_M5	7	45032134	45058597	6	3
A17F-0095_CRUK_PC_0095_M5	7	45058756	51686316	2	2
A17F-0095_CRUK_PC_0095_M5	7	51686323	51756770	6	3
A17F-0095_CRUK_PC_0095_M5	7	51756829	54640815	2	2
A17F-0095_CRUK_PC_0095_M5	7	54640917	54694146	5	3
A17F-0095_CRUK_PC_0095_M5	7	54694176	55171653	2	2
A17F-0095_CRUK_PC_0095_M5	7	55171677	55514819	6	3
A17F-0095_CRUK_PC_0095_M5	7	55514913	74982018	2	2
A17F-0095_CRUK_PC_0095_M5	7	74982026	75893082	6	3
A17F-0095_CRUK_PC_0095_M5	7	75893392	84455339	2	2
A17F-0095_CRUK_PC_0095_M5	7	84455458	90842875	3	2
A17F-0095_CRUK_PC_0095_M5	7	90842918	90904292	8	4
A17F-0095_CRUK_PC_0095_M5	7	90904376	99984089	3	2
A17F-0095_CRUK_PC_0095_M5	7	99984096	102746305	2	2
A17F-0095_CRUK_PC_0095_M5	7	102746326	102838993	5	3
A17F-0095_CRUK_PC_0095_M5	7	102839017	111098750	2	2
A17F-0095_CRUK_PC_0095_M5	7	111098752	111231248	5	3
A17F-0095_CRUK_PC_0095_M5	7	111231366	118396035	3	2
A17F-0095_CRUK_PC_0095_M5	7	118396050	121253857	6	3
A17F-0095_CRUK_PC_0095_M5	7	121253879	134522232	3	2
A17F-0095_CRUK_PC_0095_M5	7	134522239	134739375	6	3
A17F-0095_CRUK_PC_0095_M5	7	134739498	159128550	2	2
A17F-0095_CRUK_PC_0095_M5	8	113211	249329	1	0
A17F-0095_CRUK_PC_0095_M5	8	249343	2403437	4	0
A17F-0095_CRUK_PC_0095_M5	8	2403452	6182107	1	0
A17F-0095_CRUK_PC_0095_M5	8	6182112	6183584	0	0
A17F-0095_CRUK_PC_0095_M5	8	6183592	6991734	1	0
A17F-0095_CRUK_PC_0095_M5	8	6991789	6995490	0	0
A17F-0095_CRUK_PC_0095_M5	8	6995554	7153079	1	0
A17F-0095_CRUK_PC_0095_M5	8	7153082	7155665	0	0
A17F-0095_CRUK_PC_0095_M5	8	7155701	7258209	1	0
A17F-0095_CRUK_PC_0095_M5	8	7262216	7696900	0	0
A17F-0095_CRUK_PC_0095_M5	8	7709984	7774166	2	0
A17F-0095_CRUK_PC_0095_M5	8	7774168	8088644	0	0
A17F-0095_CRUK_PC_0095_M5	8	8088671	9397539	1	0
A17F-0095_CRUK_PC_0095_M5	8	9397681	9901420	0	0
A17F-0095_CRUK_PC_0095_M5	8	9901443	17397282	1	0
A17F-0095_CRUK_PC_0095_M5	8	17397308	17881253	4	0
A17F-0095_CRUK_PC_0095_M5	8	17881571	24310805	1	0
A17F-0095_CRUK_PC_0095_M5	8	24311071	24647511	4	0
A17F-0095_CRUK_PC_0095_M5	8	24647523	24972364	1	0
A17F-0095_CRUK_PC_0095_M5	8	24972423	24991264	4	0
A17F-0095_CRUK_PC_0095_M5	8	24991341	25066818	1	0
A17F-0095_CRUK_PC_0095_M5	8	25066834	25070664	0	0
A17F-0095_CRUK_PC_0095_M5	8	25070692	25313977	1	0
A17F-0095_CRUK_PC_0095_M5	8	25314047	27341271	0	0
A17F-0095_CRUK_PC_0095_M5	8	27341280	27700645	1	0
A17F-0095_CRUK_PC_0095_M5	8	27700720	28270500	4	0
A17F-0095_CRUK_PC_0095_M5	8	28270524	37558202	1	0
A17F-0095_CRUK_PC_0095_M5	8	37558205	56710536	2	2
A17F-0095_CRUK_PC_0095_M5	8	56710561	57753514	6	3
A17F-0095_CRUK_PC_0095_M5	8	57753585	66951488	2	2
A17F-0095_CRUK_PC_0095_M5	8	66951686	67786633	6	3
A17F-0095_CRUK_PC_0095_M5	8	67786792	67791721	1	0
A17F-0095_CRUK_PC_0095_M5	8	67791778	67936802	6	3
A17F-0095_CRUK_PC_0095_M5	8	67936829	68692827	4	0
A17F-0095_CRUK_PC_0095_M5	8	68692845	94696738	6	3
A17F-0095_CRUK_PC_0095_M5	8	94696756	95022587	12	4
A17F-0095_CRUK_PC_0095_M5	8	95022635	96349324	6	3
A17F-0095_CRUK_PC_0095_M5	8	96349482	96428310	18	5
A17F-0095_CRUK_PC_0095_M5	8	96428324	103158488	6	3
A17F-0095_CRUK_PC_0095_M5	8	103158642	103211479	11	4
A17F-0095_CRUK_PC_0095_M5	8	103211714	106439464	6	3
A17F-0095_CRUK_PC_0095_M5	8	106439552	114040733	4	0
A17F-0095_CRUK_PC_0095_M5	8	114040909	123392551	5	0
A17F-0095_CRUK_PC_0095_M5	8	123392602	123596318	14	0
A17F-0095_CRUK_PC_0095_M5	8	123596351	127546325	4	0
A17F-0095_CRUK_PC_0095_M5	8	127546365	128437659	9	0
A17F-0095_CRUK_PC_0095_M5	8	128437660	128811678	22	1
A17F-0095_CRUK_PC_0095_M5	8	128811712	129090224	15	0
A17F-0095_CRUK_PC_0095_M5	8	129090241	146301295	4	0
A17F-0095_CRUK_PC_0095_M5	9	10674	75890	1	0
A17F-0095_CRUK_PC_0095_M5	9	75946	84827	0	0
A17F-0095_CRUK_PC_0095_M5	9	84832	13571341	1	0
A17F-0095_CRUK_PC_0095_M5	9	13571484	13575955	0	0
A17F-0095_CRUK_PC_0095_M5	9	13576004	24501835	1	0
A17F-0095_CRUK_PC_0095_M5	9	24501932	24519191	4	0
A17F-0095_CRUK_PC_0095_M5	9	24519195	29093231	1	0
A17F-0095_CRUK_PC_0095_M5	9	29093282	29098065	0	0
A17F-0095_CRUK_PC_0095_M5	9	29098104	35465054	1	0
A17F-0095_CRUK_PC_0095_M5	9	35465187	35494352	4	0
A17F-0095_CRUK_PC_0095_M5	9	35494385	40030444	1	0
A17F-0095_CRUK_PC_0095_M5	9	40033605	41696476	2	2
A17F-0095_CRUK_PC_0095_M5	9	41696477	42202732	1	0
A17F-0095_CRUK_PC_0095_M5	9	42203498	81764078	2	2
A17F-0095_CRUK_PC_0095_M5	9	81764115	85705999	1	0
A17F-0095_CRUK_PC_0095_M5	9	85706164	85710834	0	0
A17F-0095_CRUK_PC_0095_M5	9	85710922	90545823	1	0
A17F-0095_CRUK_PC_0095_M5	9	90545881	90573690	4	0
A17F-0095_CRUK_PC_0095_M5	9	90573752	91059449	1	0
A17F-0095_CRUK_PC_0095_M5	9	91059463	91929603	2	2
A17F-0095_CRUK_PC_0095_M5	9	91929619	92015057	6	3
A17F-0095_CRUK_PC_0095_M5	9	92015108	93648754	2	2
A17F-0095_CRUK_PC_0095_M5	9	93648759	95519084	6	3
A17F-0095_CRUK_PC_0095_M5	9	95519223	107633388	2	2
A17F-0095_CRUK_PC_0095_M5	9	107633397	107763147	6	3
A17F-0095_CRUK_PC_0095_M5	9	107763245	110215995	2	2
A17F-0095_CRUK_PC_0095_M5	9	110216008	121278821	1	0
A17F-0095_CRUK_PC_0095_M5	9	121278823	121341504	3	1
A17F-0095_CRUK_PC_0095_M5	9	121341614	123074886	1	0
A17F-0095_CRUK_PC_0095_M5	9	123075036	134317533	2	2
A17F-0095_CRUK_PC_0095_M5	9	134317545	135272957	6	3
A17F-0095_CRUK_PC_0095_M5	9	135273020	141127771	2	2
A17F-0095_CRUK_PC_0095_M5	10	60969	1422724	2	2
A17F-0095_CRUK_PC_0095_M5	10	1422761	1506675	6	3
A17F-0095_CRUK_PC_0095_M5	10	1507026	3678312	2	2
A17F-0095_CRUK_PC_0095_M5	10	3678502	3702305	1	1
A17F-0095_CRUK_PC_0095_M5	10	3702426	15336657	2	2
A17F-0095_CRUK_PC_0095_M5	10	15336691	16805597	5	3
A17F-0095_CRUK_PC_0095_M5	10	16805604	26973312	2	2
A17F-0095_CRUK_PC_0095_M5	10	26973335	27038608	6	3
A17F-0095_CRUK_PC_0095_M5	10	27038628	27561769	2	2
A17F-0095_CRUK_PC_0095_M5	10	27561956	27587874	6	3
A17F-0095_CRUK_PC_0095_M5	10	27587962	27972144	2	2
A17F-0095_CRUK_PC_0095_M5	10	27972329	28025879	6	3
A17F-0095_CRUK_PC_0095_M5	10	28026003	30625855	2	2
A17F-0095_CRUK_PC_0095_M5	10	30625890	31177699	6	3
A17F-0095_CRUK_PC_0095_M5	10	31177756	32739405	2	2
A17F-0095_CRUK_PC_0095_M5	10	32739430	32788554	5	3
A17F-0095_CRUK_PC_0095_M5	10	32788612	49741229	2	2
A17F-0095_CRUK_PC_0095_M5	10	49741350	51190208	6	3
A17F-0095_CRUK_PC_0095_M5	10	51328934	51723199	2	2
A17F-0095_CRUK_PC_0095_M5	10	51723219	71729979	6	3
A17F-0095_CRUK_PC_0095_M5	10	71729982	71760956	23	0
A17F-0095_CRUK_PC_0095_M5	10	71761001	75749923	6	3
A17F-0095_CRUK_PC_0095_M5	10	75750046	88545295	5	3
A17F-0095_CRUK_PC_0095_M5	10	88545321	88592630	13	0
A17F-0095_CRUK_PC_0095_M5	10	88592658	99393208	6	3
A17F-0095_CRUK_PC_0095_M5	10	99393234	113641426	2	2
A17F-0095_CRUK_PC_0095_M5	10	113641452	115522510	6	3
A17F-0095_CRUK_PC_0095_M5	10	115522548	120819811	2	2
A17F-0095_CRUK_PC_0095_M5	10	120819831	121470755	1	0
A17F-0095_CRUK_PC_0095_M5	10	121470757	121492667	4	0
A17F-0095_CRUK_PC_0095_M5	10	121492771	132636079	1	0
A17F-0095_CRUK_PC_0095_M5	10	132636278	132638921	0	0
A17F-0095_CRUK_PC_0095_M5	10	132638963	132909177	1	0
A17F-0095_CRUK_PC_0095_M5	10	132909290	132912822	0	0
A17F-0095_CRUK_PC_0095_M5	10	132912941	132989015	1	0
A17F-0095_CRUK_PC_0095_M5	10	132989161	132991237	0	0
A17F-0095_CRUK_PC_0095_M5	10	132991254	135523407	1	0
A17F-0095_CRUK_PC_0095_M5	11	123284	2124597	4	3
A17F-0095_CRUK_PC_0095_M5	11	2124730	22271038	2	1
A17F-0095_CRUK_PC_0095_M5	11	22271070	22713710	5	1
A17F-0095_CRUK_PC_0095_M5	11	22713713	33334471	2	1
A17F-0095_CRUK_PC_0095_M5	11	33334489	33557258	2	2
A17F-0095_CRUK_PC_0095_M5	11	33557410	46454871	2	1
A17F-0095_CRUK_PC_0095_M5	11	46454908	46576160	5	1
A17F-0095_CRUK_PC_0095_M5	11	46576169	47991563	2	1
A17F-0095_CRUK_PC_0095_M5	11	47991568	48038966	5	2
A17F-0095_CRUK_PC_0095_M5	11	48038997	51285784	2	1
A17F-0095_CRUK_PC_0095_M5	11	51285790	58041187	2	2
A17F-0095_CRUK_PC_0095_M5	11	58041208	59128073	6	3
A17F-0095_CRUK_PC_0095_M5	11	59128095	74936955	3	2
A17F-0095_CRUK_PC_0095_M5	11	74937006	77644376	6	3
A17F-0095_CRUK_PC_0095_M5	11	77644419	81452558	11	4
A17F-0095_CRUK_PC_0095_M5	11	81452578	82208506	17	4
A17F-0095_CRUK_PC_0095_M5	11	82208555	94907381	11	4
A17F-0095_CRUK_PC_0095_M5	11	94907408	95116627	16	5
A17F-0095_CRUK_PC_0095_M5	11	95116654	109253410	11	4
A17F-0095_CRUK_PC_0095_M5	11	109253445	109341426	17	5
A17F-0095_CRUK_PC_0095_M5	11	109341493	113670991	1	0
A17F-0095_CRUK_PC_0095_M5	11	113671018	113711592	5	0
A17F-0095_CRUK_PC_0095_M5	11	113711675	122849571	1	0
A17F-0095_CRUK_PC_0095_M5	11	122849592	123766151	17	5
A17F-0095_CRUK_PC_0095_M5	11	123766294	126322393	11	4
A17F-0095_CRUK_PC_0095_M5	11	126322533	133008650	17	4
A17F-0095_CRUK_PC_0095_M5	11	133008743	133334071	52	7
A17F-0095_CRUK_PC_0095_M5	11	133334163	134946358	17	5
A17F-0095_CRUK_PC_0095_M5	12	61107	5221867	4	0
A17F-0095_CRUK_PC_0095_M5	12	5221876	5223469	0	0
A17F-0095_CRUK_PC_0095_M5	12	5223505	6278660	4	0
A17F-0095_CRUK_PC_0095_M5	12	6278661	9632882	1	0
A17F-0095_CRUK_PC_0095_M5	12	9632926	9734974	0	0
A17F-0095_CRUK_PC_0095_M5	12	9734976	10914024	1	0
A17F-0095_CRUK_PC_0095_M5	12	10914054	10926413	4	0
A17F-0095_CRUK_PC_0095_M5	12	10926487	14560876	1	0
A17F-0095_CRUK_PC_0095_M5	12	14560973	14789002	4	0
A17F-0095_CRUK_PC_0095_M5	12	14789111	15740899	1	0
A17F-0095_CRUK_PC_0095_M5	12	15740920	48313018	2	2
A17F-0095_CRUK_PC_0095_M5	12	48313025	48383235	6	4
A17F-0095_CRUK_PC_0095_M5	12	48383285	61014467	2	2
A17F-0095_CRUK_PC_0095_M5	12	61014503	61228190	6	3
A17F-0095_CRUK_PC_0095_M5	12	61228243	61283753	10	4
A17F-0095_CRUK_PC_0095_M5	12	61283788	63610574	6	3
A17F-0095_CRUK_PC_0095_M5	12	63610625	65073779	8	7
A17F-0095_CRUK_PC_0095_M5	12	65073978	65644117	13	8
A17F-0095_CRUK_PC_0095_M5	12	65644335	89021186	8	7
A17F-0095_CRUK_PC_0095_M5	12	89021302	89974629	13	9
A17F-0095_CRUK_PC_0095_M5	12	89975022	92255299	8	8
A17F-0095_CRUK_PC_0095_M5	12	92255352	93130766	6	3
A17F-0095_CRUK_PC_0095_M5	12	93130779	104436588	2	2
A17F-0095_CRUK_PC_0095_M5	12	104436660	104751472	6	3
A17F-0095_CRUK_PC_0095_M5	12	104751510	104813328	11	4
A17F-0095_CRUK_PC_0095_M5	12	104813359	107900258	6	3
A17F-0095_CRUK_PC_0095_M5	12	107900261	110730078	4	0
A17F-0095_CRUK_PC_0095_M5	12	110730097	110801413	9	0
A17F-0095_CRUK_PC_0095_M5	12	110801501	112497707	4	0
A17F-0095_CRUK_PC_0095_M5	12	112497761	112566175	8	0
A17F-0095_CRUK_PC_0095_M5	12	112566315	133234486	4	0
A17F-0095_CRUK_PC_0095_M5	12	133234499	133841335	1	0
A17F-0095_CRUK_PC_0095_M5	13	19020627	26493374	6	3
A17F-0095_CRUK_PC_0095_M5	13	26493414	34025044	16	4
A17F-0095_CRUK_PC_0095_M5	13	34025048	35642193	1	0
A17F-0095_CRUK_PC_0095_M5	13	35642248	41982559	16	4
A17F-0095_CRUK_PC_0095_M5	13	41982847	48163785	13	0
A17F-0095_CRUK_PC_0095_M5	13	48163977	49533333	4	0
A17F-0095_CRUK_PC_0095_M5	13	49533410	49536749	0	0
A17F-0095_CRUK_PC_0095_M5	13	49536756	51608785	4	0
A17F-0095_CRUK_PC_0095_M5	13	51608790	59393002	5	3
A17F-0095_CRUK_PC_0095_M5	13	59393023	69952483	1	0
A17F-0095_CRUK_PC_0095_M5	13	69952499	70013634	5	0
A17F-0095_CRUK_PC_0095_M5	13	70013673	85108451	1	0
A17F-0095_CRUK_PC_0095_M5	13	85108452	95171411	2	0
A17F-0095_CRUK_PC_0095_M5	13	95171561	95293149	0	0
A17F-0095_CRUK_PC_0095_M5	13	95293192	96303474	1	0
A17F-0095_CRUK_PC_0095_M5	13	96303624	96311923	0	0
A17F-0095_CRUK_PC_0095_M5	13	96312086	104682519	4	0
A17F-0095_CRUK_PC_0095_M5	13	104682524	104701286	0	0
A17F-0095_CRUK_PC_0095_M5	13	104701372	112353709	1	0
A17F-0095_CRUK_PC_0095_M5	13	112353759	113039445	5	0
A17F-0095_CRUK_PC_0095_M5	13	113039839	115109567	1	0
A17F-0095_CRUK_PC_0095_M5	14	19002084	20143028	2	2
A17F-0095_CRUK_PC_0095_M5	14	20143060	20321917	4	2
A17F-0095_CRUK_PC_0095_M5	14	20321933	30362040	2	2
A17F-0095_CRUK_PC_0095_M5	14	30362219	30415178	6	3
A17F-0095_CRUK_PC_0095_M5	14	30415279	31522749	2	2
A17F-0095_CRUK_PC_0095_M5	14	31523039	31639339	6	3
A17F-0095_CRUK_PC_0095_M5	14	31639357	39595252	2	2
A17F-0095_CRUK_PC_0095_M5	14	39595320	39670374	6	3
A17F-0095_CRUK_PC_0095_M5	14	39670567	57130137	2	2
A17F-0095_CRUK_PC_0095_M5	14	57130210	57242884	6	3
A17F-0095_CRUK_PC_0095_M5	14	57242905	61630182	2	2
A17F-0095_CRUK_PC_0095_M5	14	61630236	62437605	6	3
A17F-0095_CRUK_PC_0095_M5	14	62437641	73761247	2	2
A17F-0095_CRUK_PC_0095_M5	14	73761296	75231689	1	0
A17F-0095_CRUK_PC_0095_M5	14	75231705	88428509	2	2
A17F-0095_CRUK_PC_0095_M5	14	88428510	88505471	6	3
A17F-0095_CRUK_PC_0095_M5	14	88505522	99519113	2	2
A17F-0095_CRUK_PC_0095_M5	14	99519193	99567433	5	3
A17F-0095_CRUK_PC_0095_M5	14	99567450	106316381	2	2
A17F-0095_CRUK_PC_0095_M5	14	106316420	107289453	6	3
A17F-0095_CRUK_PC_0095_M5	15	20001200	22811205	3	2
A17F-0095_CRUK_PC_0095_M5	15	22811366	23470194	6	3
A17F-0095_CRUK_PC_0095_M5	15	23477542	35253042	2	2
A17F-0095_CRUK_PC_0095_M5	15	35253159	46589776	6	3
A17F-0095_CRUK_PC_0095_M5	15	46589916	46626935	16	4
A17F-0095_CRUK_PC_0095_M5	15	46626940	48694723	5	3
A17F-0095_CRUK_PC_0095_M5	15	48694728	63268354	4	0
A17F-0095_CRUK_PC_0095_M5	15	63268389	68644470	6	3
A17F-0095_CRUK_PC_0095_M5	15	68644530	68755132	9	4
A17F-0095_CRUK_PC_0095_M5	15	68755136	84627989	5	3
A17F-0095_CRUK_PC_0095_M5	15	84628124	84792243	7	6
A17F-0095_CRUK_PC_0095_M5	15	84792501	88200826	5	3
A17F-0095_CRUK_PC_0095_M5	15	88200876	88255122	7	7
A17F-0095_CRUK_PC_0095_M5	15	88255214	93247591	6	3
A17F-0095_CRUK_PC_0095_M5	15	93247622	93481896	7	7
A17F-0095_CRUK_PC_0095_M5	15	93482000	102520965	6	3
A17F-0095_CRUK_PC_0095_M5	16	60085	1306377	3	3
A17F-0095_CRUK_PC_0095_M5	16	1306484	2267322	2	0
A17F-0095_CRUK_PC_0095_M5	16	2267521	5375642	3	2
A17F-0095_CRUK_PC_0095_M5	16	5375700	10872538	2	2
A17F-0095_CRUK_PC_0095_M5	16	10872549	12721733	3	2
A17F-0095_CRUK_PC_0095_M5	16	12721793	25060524	2	2
A17F-0095_CRUK_PC_0095_M5	16	25060787	25174448	6	3
A17F-0095_CRUK_PC_0095_M5	16	25174464	28561982	2	2
A17F-0095_CRUK_PC_0095_M5	16	28562256	28656526	6	4
A17F-0095_CRUK_PC_0095_M5	16	28700213	31010270	2	2
A17F-0095_CRUK_PC_0095_M5	16	31010374	31676116	1	0
A17F-0095_CRUK_PC_0095_M5	16	31676140	34338175	3	2
A17F-0095_CRUK_PC_0095_M5	16	34338485	34371508	6	3
A17F-0095_CRUK_PC_0095_M5	16	34371828	35285726	2	2
A17F-0095_CRUK_PC_0095_M5	16	46416128	47169989	6	3
A17F-0095_CRUK_PC_0095_M5	16	47170063	58474408	2	2
A17F-0095_CRUK_PC_0095_M5	16	58474492	58826456	1	0
A17F-0095_CRUK_PC_0095_M5	16	58826464	68714678	2	2
A17F-0095_CRUK_PC_0095_M5	16	68714748	68791152	6	3
A17F-0095_CRUK_PC_0095_M5	16	68791183	77740486	2	2
A17F-0095_CRUK_PC_0095_M5	16	77740490	77808248	5	3
A17F-0095_CRUK_PC_0095_M5	16	77808303	90292811	2	2
A17F-0095_CRUK_PC_0095_M5	17	56	193862	2	0
A17F-0095_CRUK_PC_0095_M5	17	193987	197267	0	0
A17F-0095_CRUK_PC_0095_M5	17	197308	3734836	2	0
A17F-0095_CRUK_PC_0095_M5	17	3734840	3735858	0	0
A17F-0095_CRUK_PC_0095_M5	17	3735861	14088111	1	0
A17F-0095_CRUK_PC_0095_M5	17	14089208	14111287	4	0
A17F-0095_CRUK_PC_0095_M5	17	14111313	16573772	1	0
A17F-0095_CRUK_PC_0095_M5	17	16574023	16587314	0	0
A17F-0095_CRUK_PC_0095_M5	17	16587410	16754377	1	0
A17F-0095_CRUK_PC_0095_M5	17	16754609	20517306	2	2
A17F-0095_CRUK_PC_0095_M5	17	20517310	20580215	6	3
A17F-0095_CRUK_PC_0095_M5	17	20580249	26295845	2	2
A17F-0095_CRUK_PC_0095_M5	17	26296049	26428761	6	3
A17F-0095_CRUK_PC_0095_M5	17	26428786	40160530	2	2
A17F-0095_CRUK_PC_0095_M5	17	40160565	42343605	1	0
A17F-0095_CRUK_PC_0095_M5	17	42343701	55101324	2	2
A17F-0095_CRUK_PC_0095_M5	17	55101388	55125816	6	3
A17F-0095_CRUK_PC_0095_M5	17	55125818	55928216	2	2
A17F-0095_CRUK_PC_0095_M5	17	55928223	58288091	6	3
A17F-0095_CRUK_PC_0095_M5	17	58288135	58756184	7	7
A17F-0095_CRUK_PC_0095_M5	17	58756268	68252027	6	3
A17F-0095_CRUK_PC_0095_M5	17	68252028	68341583	1	0
A17F-0095_CRUK_PC_0095_M5	17	68341894	70587877	2	2
A17F-0095_CRUK_PC_0095_M5	17	70587958	71282367	6	3
A17F-0095_CRUK_PC_0095_M5	17	71282390	73527662	2	2
A17F-0095_CRUK_PC_0095_M5	17	73527698	73586358	6	3
A17F-0095_CRUK_PC_0095_M5	17	73586381	81194235	3	2
A17F-0095_CRUK_PC_0095_M5	18	10644	23092228	2	2
A17F-0095_CRUK_PC_0095_M5	18	23092229	41854836	6	3
A17F-0095_CRUK_PC_0095_M5	18	41854889	42317579	8	7
A17F-0095_CRUK_PC_0095_M5	18	42317704	47771360	6	3
A17F-0095_CRUK_PC_0095_M5	18	47771480	47827809	8	7
A17F-0095_CRUK_PC_0095_M5	18	47827822	56002597	6	3
A17F-0095_CRUK_PC_0095_M5	18	56002732	56801644	17	5
A17F-0095_CRUK_PC_0095_M5	18	56801688	59559324	6	3
A17F-0095_CRUK_PC_0095_M5	18	59559463	60457920	8	7
A17F-0095_CRUK_PC_0095_M5	18	60458020	72392105	6	3
A17F-0095_CRUK_PC_0095_M5	18	72392175	75667838	5	0
A17F-0095_CRUK_PC_0095_M5	18	75667842	75683823	15	0
A17F-0095_CRUK_PC_0095_M5	18	75683866	78017073	4	0
A17F-0095_CRUK_PC_0095_M5	19	90974	3835667	1	0
A17F-0095_CRUK_PC_0095_M5	19	3835812	9945333	3	2
A17F-0095_CRUK_PC_0095_M5	19	9945354	15525932	1	0
A17F-0095_CRUK_PC_0095_M5	19	15526091	23355399	2	2
A17F-0095_CRUK_PC_0095_M5	19	23355400	23534460	1	0
A17F-0095_CRUK_PC_0095_M5	19	23534557	23775869	2	2
A17F-0095_CRUK_PC_0095_M5	19	23775922	24390855	1	0
A17F-0095_CRUK_PC_0095_M5	19	24390916	32145626	2	2
A17F-0095_CRUK_PC_0095_M5	19	32145741	33801895	6	3
A17F-0095_CRUK_PC_0095_M5	19	33802104	41178506	2	2
A17F-0095_CRUK_PC_0095_M5	19	41178543	44169044	1	0
A17F-0095_CRUK_PC_0095_M5	19	44169126	47476523	2	2
A17F-0095_CRUK_PC_0095_M5	19	47476576	48462745	6	3
A17F-0095_CRUK_PC_0095_M5	19	48462773	50357429	2	2
A17F-0095_CRUK_PC_0095_M5	19	50357625	50403535	6	3
A17F-0095_CRUK_PC_0095_M5	19	50403661	50511773	2	2
A17F-0095_CRUK_PC_0095_M5	19	50511852	51451450	6	3
A17F-0095_CRUK_PC_0095_M5	19	51451508	53465403	2	2
A17F-0095_CRUK_PC_0095_M5	19	53465438	53532141	6	3
A17F-0095_CRUK_PC_0095_M5	19	53532219	59118096	2	2
A17F-0095_CRUK_PC_0095_M5	20	60479	7953788	6	3
A17F-0095_CRUK_PC_0095_M5	20	7953803	8279109	1	0
A17F-0095_CRUK_PC_0095_M5	20	8279230	62965162	2	2
A17F-0095_CRUK_PC_0095_M5	21	9411243	9909920	1	0
A17F-0095_CRUK_PC_0095_M5	21	9909932	10132130	0	0
A17F-0095_CRUK_PC_0095_M5	21	10132138	34450567	3	2
A17F-0095_CRUK_PC_0095_M5	21	34450578	34889887	6	3
A17F-0095_CRUK_PC_0095_M5	21	34889951	39854789	2	2
A17F-0095_CRUK_PC_0095_M5	21	39854793	42878941	1	0
A17F-0095_CRUK_PC_0095_M5	21	42879182	45167097	2	2
A17F-0095_CRUK_PC_0095_M5	21	45167147	45752892	6	3
A17F-0095_CRUK_PC_0095_M5	21	45752906	48119216	2	2
A17F-0095_CRUK_PC_0095_M5	22	16050408	23478678	2	2
A17F-0095_CRUK_PC_0095_M5	22	23478695	23517894	6	3
A17F-0095_CRUK_PC_0095_M5	22	23517938	24132416	2	2
A17F-0095_CRUK_PC_0095_M5	22	24132434	24274166	1	0
A17F-0095_CRUK_PC_0095_M5	22	24274382	24301656	0	0
A17F-0095_CRUK_PC_0095_M5	22	24301825	25662123	1	0
A17F-0095_CRUK_PC_0095_M5	22	25662137	26004047	2	1
A17F-0095_CRUK_PC_0095_M5	22	26004249	28346111	1	0
A17F-0095_CRUK_PC_0095_M5	22	28346184	28359631	0	0
A17F-0095_CRUK_PC_0095_M5	22	28359711	31500671	1	0
A17F-0095_CRUK_PC_0095_M5	22	31500991	31626495	4	0
A17F-0095_CRUK_PC_0095_M5	22	31626646	41826688	1	0
A17F-0095_CRUK_PC_0095_M5	22	41826705	41887649	4	0
A17F-0095_CRUK_PC_0095_M5	22	41887755	44054776	1	0
A17F-0095_CRUK_PC_0095_M5	22	44054778	44861670	4	0
A17F-0095_CRUK_PC_0095_M5	22	44861744	51238249	1	0
A17F-0095_CRUK_PC_0095_M5	X	60072	2928825	10	0
A17F-0095_CRUK_PC_0095_M5	X	2929193	17448973	14	0
A17F-0095_CRUK_PC_0095_M5	X	17448993	19184325	28	0
A17F-0095_CRUK_PC_0095_M5	X	19184464	27720730	14	0
A17F-0095_CRUK_PC_0095_M5	X	27720737	66110937	4	0
A17F-0095_CRUK_PC_0095_M5	X	66110955	66167173	14	0
A17F-0095_CRUK_PC_0095_M5	X	66167272	82908757	4	0
A17F-0095_CRUK_PC_0095_M5	X	82908892	84132328	6	0
A17F-0095_CRUK_PC_0095_M5	X	84132329	115133624	4	0
A17F-0095_CRUK_PC_0095_M5	X	115133657	115202800	14	0
A17F-0095_CRUK_PC_0095_M5	X	115202886	155255094	4	0
A17A-0095_CRUK_PC_0095_M1	1	10583	936674	3	2
A17A-0095_CRUK_PC_0095_M1	1	936687	4159891	11	4
A17A-0095_CRUK_PC_0095_M1	1	4160478	7749509	6	3
A17A-0095_CRUK_PC_0095_M1	1	7749554	8187229	10	4
A17A-0095_CRUK_PC_0095_M1	1	8187300	13714331	6	3
A17A-0095_CRUK_PC_0095_M1	1	13719052	15835288	8	7
A17A-0095_CRUK_PC_0095_M1	1	15835357	15970698	11	10
A17A-0095_CRUK_PC_0095_M1	1	15970868	19210675	8	7
A17A-0095_CRUK_PC_0095_M1	1	19210777	19599475	13	9
A17A-0095_CRUK_PC_0095_M1	1	19599481	21068527	8	7
A17A-0095_CRUK_PC_0095_M1	1	21068905	22325897	6	3
A17A-0095_CRUK_PC_0095_M1	1	22325898	22454117	8	7
A17A-0095_CRUK_PC_0095_M1	1	22454261	24254587	6	3
A17A-0095_CRUK_PC_0095_M1	1	24254820	24722068	12	4
A17A-0095_CRUK_PC_0095_M1	1	24722077	27161760	6	3
A17A-0095_CRUK_PC_0095_M1	1	27161761	41464715	4	0
A17A-0095_CRUK_PC_0095_M1	1	41464928	41491928	14	0
A17A-0095_CRUK_PC_0095_M1	1	41492004	43091957	4	0
A17A-0095_CRUK_PC_0095_M1	1	43091974	43150737	9	0
A17A-0095_CRUK_PC_0095_M1	1	43150771	50798862	4	0
A17A-0095_CRUK_PC_0095_M1	1	50799145	50880176	9	0
A17A-0095_CRUK_PC_0095_M1	1	50880245	51461518	4	0
A17A-0095_CRUK_PC_0095_M1	1	51461606	53025517	9	0
A17A-0095_CRUK_PC_0095_M1	1	53025632	53027266	0	0
A17A-0095_CRUK_PC_0095_M1	1	53027294	53199202	9	0
A17A-0095_CRUK_PC_0095_M1	1	53199241	55788152	4	0
A17A-0095_CRUK_PC_0095_M1	1	55788160	56048932	6	3
A17A-0095_CRUK_PC_0095_M1	1	56048933	56185476	7	7
A17A-0095_CRUK_PC_0095_M1	1	56185494	56457867	6	3
A17A-0095_CRUK_PC_0095_M1	1	56457871	56501395	15	7
A17A-0095_CRUK_PC_0095_M1	1	56501433	58879923	6	3
A17A-0095_CRUK_PC_0095_M1	1	58880049	59784981	18	5
A17A-0095_CRUK_PC_0095_M1	1	59785093	60534865	6	3
A17A-0095_CRUK_PC_0095_M1	1	60534934	60634945	8	7
A17A-0095_CRUK_PC_0095_M1	1	60635057	61310660	6	3
A17A-0095_CRUK_PC_0095_M1	1	61310673	62484462	4	0
A17A-0095_CRUK_PC_0095_M1	1	62484466	63566394	6	3
A17A-0095_CRUK_PC_0095_M1	1	63566402	63905314	4	0
A17A-0095_CRUK_PC_0095_M1	1	63905348	65413752	6	3
A17A-0095_CRUK_PC_0095_M1	1	65413953	65831069	8	7
A17A-0095_CRUK_PC_0095_M1	1	65831201	66463795	6	3
A17A-0095_CRUK_PC_0095_M1	1	66463920	66484266	18	5
A17A-0095_CRUK_PC_0095_M1	1	66484558	77738148	6	3
A17A-0095_CRUK_PC_0095_M1	1	77738199	77970504	1	0
A17A-0095_CRUK_PC_0095_M1	1	77970690	78551816	4	0
A17A-0095_CRUK_PC_0095_M1	1	78551873	100151890	1	0
A17A-0095_CRUK_PC_0095_M1	1	100151956	100160602	0	0
A17A-0095_CRUK_PC_0095_M1	1	100160728	101595203	1	0
A17A-0095_CRUK_PC_0095_M1	1	101595230	109943632	6	3
A17A-0095_CRUK_PC_0095_M1	1	109943685	153472571	2	2
A17A-0095_CRUK_PC_0095_M1	1	153472594	153926065	6	3
A17A-0095_CRUK_PC_0095_M1	1	153926078	154103897	8	8
A17A-0095_CRUK_PC_0095_M1	1	154104001	155014968	6	3
A17A-0095_CRUK_PC_0095_M1	1	155015024	162258307	2	2
A17A-0095_CRUK_PC_0095_M1	1	162258312	162310014	6	3
A17A-0095_CRUK_PC_0095_M1	1	162310078	168533037	2	2
A17A-0095_CRUK_PC_0095_M1	1	168533072	168584427	6	3
A17A-0095_CRUK_PC_0095_M1	1	168584543	184191948	2	2
A17A-0095_CRUK_PC_0095_M1	1	184191982	184344022	6	3
A17A-0095_CRUK_PC_0095_M1	1	184344245	186513265	2	2
A17A-0095_CRUK_PC_0095_M1	1	186513290	186559228	6	3
A17A-0095_CRUK_PC_0095_M1	1	186559280	211657634	2	2
A17A-0095_CRUK_PC_0095_M1	1	211657866	211687829	6	3
A17A-0095_CRUK_PC_0095_M1	1	211687830	235623488	3	2
A17A-0095_CRUK_PC_0095_M1	1	235623518	246391324	7	3
A17A-0095_CRUK_PC_0095_M1	1	246391349	246691440	8	8
A17A-0095_CRUK_PC_0095_M1	1	246691480	249231445	7	3
A17A-0095_CRUK_PC_0095_M1	2	10520	3003937	11	4
A17A-0095_CRUK_PC_0095_M1	2	3003997	25820871	6	3
A17A-0095_CRUK_PC_0095_M1	2	25820998	86094429	2	2
A17A-0095_CRUK_PC_0095_M1	2	86094587	86129869	6	3
A17A-0095_CRUK_PC_0095_M1	2	86129876	98430072	2	2
A17A-0095_CRUK_PC_0095_M1	2	98430078	98775920	1	0
A17A-0095_CRUK_PC_0095_M1	2	98776016	105489129	2	2
A17A-0095_CRUK_PC_0095_M1	2	105489481	107732217	6	3
A17A-0095_CRUK_PC_0095_M1	2	107732221	109154689	2	2
A17A-0095_CRUK_PC_0095_M1	2	109154695	110501401	6	3
A17A-0095_CRUK_PC_0095_M1	2	110501449	128288444	2	2
A17A-0095_CRUK_PC_0095_M1	2	128288531	128978836	6	3
A17A-0095_CRUK_PC_0095_M1	2	128979238	130681480	2	2
A17A-0095_CRUK_PC_0095_M1	2	130681505	138603055	6	3
A17A-0095_CRUK_PC_0095_M1	2	138603111	139817239	7	7
A17A-0095_CRUK_PC_0095_M1	2	139817340	159017916	6	3
A17A-0095_CRUK_PC_0095_M1	2	159018088	159397079	8	7
A17A-0095_CRUK_PC_0095_M1	2	159397266	162913579	6	3
A17A-0095_CRUK_PC_0095_M1	2	162913699	163441621	7	7
A17A-0095_CRUK_PC_0095_M1	2	163441664	165992999	6	3
A17A-0095_CRUK_PC_0095_M1	2	165993002	167080979	11	4
A17A-0095_CRUK_PC_0095_M1	2	167081179	174810893	6	3
A17A-0095_CRUK_PC_0095_M1	2	174810929	189949843	1	0
A17A-0095_CRUK_PC_0095_M1	2	189949857	202531264	6	3
A17A-0095_CRUK_PC_0095_M1	2	202531544	204666946	4	0
A17A-0095_CRUK_PC_0095_M1	2	204667061	204934191	9	0
A17A-0095_CRUK_PC_0095_M1	2	204934203	206535964	4	0
A17A-0095_CRUK_PC_0095_M1	2	206535974	233596453	6	3
A17A-0095_CRUK_PC_0095_M1	2	233596454	236359966	2	2
A17A-0095_CRUK_PC_0095_M1	2	236360004	236415342	5	3
A17A-0095_CRUK_PC_0095_M1	2	236415374	242836786	2	2
A17A-0095_CRUK_PC_0095_M1	2	242836800	243185846	6	4
A17A-0095_CRUK_PC_0095_M1	3	60157	3586774	5	0
A17A-0095_CRUK_PC_0095_M1	3	3586833	3591219	0	0
A17A-0095_CRUK_PC_0095_M1	3	3591303	8718810	5	0
A17A-0095_CRUK_PC_0095_M1	3	8718844	8723020	0	0
A17A-0095_CRUK_PC_0095_M1	3	8723024	16239391	5	0
A17A-0095_CRUK_PC_0095_M1	3	16239634	16241229	0	0
A17A-0095_CRUK_PC_0095_M1	3	16241233	19290310	5	0
A17A-0095_CRUK_PC_0095_M1	3	19290347	19309818	0	0
A17A-0095_CRUK_PC_0095_M1	3	19309855	19715586	1	0
A17A-0095_CRUK_PC_0095_M1	3	19715592	19750944	0	0
A17A-0095_CRUK_PC_0095_M1	3	19751104	20479567	1	0
A17A-0095_CRUK_PC_0095_M1	3	20479569	20771015	0	0
A17A-0095_CRUK_PC_0095_M1	3	20771019	22559374	1	0
A17A-0095_CRUK_PC_0095_M1	3	22559532	22612851	0	0
A17A-0095_CRUK_PC_0095_M1	3	22612903	23489038	1	0
A17A-0095_CRUK_PC_0095_M1	3	23489075	23500788	4	0
A17A-0095_CRUK_PC_0095_M1	3	23500919	32301352	1	0
A17A-0095_CRUK_PC_0095_M1	3	32301422	62125812	2	2
A17A-0095_CRUK_PC_0095_M1	3	62125898	62182812	5	3
A17A-0095_CRUK_PC_0095_M1	3	62182948	110666633	2	2
A17A-0095_CRUK_PC_0095_M1	3	110666758	110799259	5	3
A17A-0095_CRUK_PC_0095_M1	3	110799303	122260383	2	2
A17A-0095_CRUK_PC_0095_M1	3	122260432	123416553	6	3
A17A-0095_CRUK_PC_0095_M1	3	123416637	140106875	2	2
A17A-0095_CRUK_PC_0095_M1	3	140106890	140453802	6	3
A17A-0095_CRUK_PC_0095_M1	3	140453817	143253430	3	2
A17A-0095_CRUK_PC_0095_M1	3	143253515	143335954	1	0
A17A-0095_CRUK_PC_0095_M1	3	143336033	172202136	2	2
A17A-0095_CRUK_PC_0095_M1	3	172202167	172402774	6	3
A17A-0095_CRUK_PC_0095_M1	3	172402783	172429764	18	5
A17A-0095_CRUK_PC_0095_M1	3	172429872	184486732	6	3
A17A-0095_CRUK_PC_0095_M1	3	184486780	184542046	19	5
A17A-0095_CRUK_PC_0095_M1	3	184542070	185667048	6	3
A17A-0095_CRUK_PC_0095_M1	3	185667080	197917378	2	2
A17A-0095_CRUK_PC_0095_M1	4	10240	680599	2	2
A17A-0095_CRUK_PC_0095_M1	4	680609	707811	6	3
A17A-0095_CRUK_PC_0095_M1	4	707851	4380143	2	2
A17A-0095_CRUK_PC_0095_M1	4	4380185	4997965	6	3
A17A-0095_CRUK_PC_0095_M1	4	4997989	26421152	2	2
A17A-0095_CRUK_PC_0095_M1	4	26421197	26463573	9	0
A17A-0095_CRUK_PC_0095_M1	4	26463640	37588399	2	2
A17A-0095_CRUK_PC_0095_M1	4	37588406	37910045	6	3
A17A-0095_CRUK_PC_0095_M1	4	37910082	54352263	2	2
A17A-0095_CRUK_PC_0095_M1	4	54352325	55035638	6	3
A17A-0095_CRUK_PC_0095_M1	4	55035646	64998847	2	2
A17A-0095_CRUK_PC_0095_M1	4	64998890	65611283	6	3
A17A-0095_CRUK_PC_0095_M1	4	65611310	106342901	2	2
A17A-0095_CRUK_PC_0095_M1	4	106342919	106390734	6	3
A17A-0095_CRUK_PC_0095_M1	4	106390913	156564701	2	2
A17A-0095_CRUK_PC_0095_M1	4	156564760	156636582	6	3
A17A-0095_CRUK_PC_0095_M1	4	156636622	166428722	2	2
A17A-0095_CRUK_PC_0095_M1	4	166428749	168551517	1	0
A17A-0095_CRUK_PC_0095_M1	4	168551542	174746040	2	2
A17A-0095_CRUK_PC_0095_M1	4	174746106	187093803	1	0
A17A-0095_CRUK_PC_0095_M1	4	187093804	187098341	0	0
A17A-0095_CRUK_PC_0095_M1	4	187098533	190192103	1	0
A17A-0095_CRUK_PC_0095_M1	4	190192122	190200550	0	0
A17A-0095_CRUK_PC_0095_M1	4	190201475	191043227	1	0
A17A-0095_CRUK_PC_0095_M1	5	11940	6657494	2	2
A17A-0095_CRUK_PC_0095_M1	5	6657530	7463407	5	3
A17A-0095_CRUK_PC_0095_M1	5	7463456	18256321	2	2
A17A-0095_CRUK_PC_0095_M1	5	18256350	19856923	6	3
A17A-0095_CRUK_PC_0095_M1	5	19856955	28919185	2	2
A17A-0095_CRUK_PC_0095_M1	5	28919259	28934292	6	3
A17A-0095_CRUK_PC_0095_M1	5	28934294	58229195	2	2
A17A-0095_CRUK_PC_0095_M1	5	58229227	58634225	6	3
A17A-0095_CRUK_PC_0095_M1	5	58634279	59360254	2	2
A17A-0095_CRUK_PC_0095_M1	5	59360282	59411475	6	3
A17A-0095_CRUK_PC_0095_M1	5	59411487	75581962	2	2
A17A-0095_CRUK_PC_0095_M1	5	75581965	76962274	6	3
A17A-0095_CRUK_PC_0095_M1	5	76962294	90391288	2	2
A17A-0095_CRUK_PC_0095_M1	5	90391303	90666728	6	3
A17A-0095_CRUK_PC_0095_M1	5	90666811	126806945	2	2
A17A-0095_CRUK_PC_0095_M1	5	126806982	126873303	9	0
A17A-0095_CRUK_PC_0095_M1	5	126873530	146964898	2	2
A17A-0095_CRUK_PC_0095_M1	5	146964940	156036987	6	3
A17A-0095_CRUK_PC_0095_M1	5	156037052	156238582	8	7
A17A-0095_CRUK_PC_0095_M1	5	156238635	158101202	6	3
A17A-0095_CRUK_PC_0095_M1	5	158101378	159198337	18	5
A17A-0095_CRUK_PC_0095_M1	5	159199338	159236779	36	5
A17A-0095_CRUK_PC_0095_M1	5	159236813	159622286	18	5
A17A-0095_CRUK_PC_0095_M1	5	159622419	173569376	6	3
A17A-0095_CRUK_PC_0095_M1	5	173569396	174655516	2	2
A17A-0095_CRUK_PC_0095_M1	5	174655530	175327680	6	3
A17A-0095_CRUK_PC_0095_M1	5	175327687	178368552	3	2
A17A-0095_CRUK_PC_0095_M1	5	178369213	179457898	6	3
A17A-0095_CRUK_PC_0095_M1	5	179457903	180789593	3	2
A17A-0095_CRUK_PC_0095_M1	6	202331	256537	1	0
A17A-0095_CRUK_PC_0095_M1	6	256558	382374	2	1
A17A-0095_CRUK_PC_0095_M1	6	382500	8339514	1	0
A17A-0095_CRUK_PC_0095_M1	6	8339516	17635410	6	3
A17A-0095_CRUK_PC_0095_M1	6	17635422	17722337	11	4
A17A-0095_CRUK_PC_0095_M1	6	17722359	29851039	6	3
A17A-0095_CRUK_PC_0095_M1	6	29851101	29905763	4	0
A17A-0095_CRUK_PC_0095_M1	6	29905773	30586341	6	3
A17A-0095_CRUK_PC_0095_M1	6	30586448	49755355	2	2
A17A-0095_CRUK_PC_0095_M1	6	49755358	49787541	6	3
A17A-0095_CRUK_PC_0095_M1	6	49787568	75229041	2	2
A17A-0095_CRUK_PC_0095_M1	6	75229198	75496426	1	0
A17A-0095_CRUK_PC_0095_M1	6	75496447	75511012	4	0
A17A-0095_CRUK_PC_0095_M1	6	75511041	77097624	1	0
A17A-0095_CRUK_PC_0095_M1	6	77097643	77102679	0	0
A17A-0095_CRUK_PC_0095_M1	6	77102716	77437305	1	0
A17A-0095_CRUK_PC_0095_M1	6	77437350	77459030	0	0
A17A-0095_CRUK_PC_0095_M1	6	77459061	78967017	1	0
A17A-0095_CRUK_PC_0095_M1	6	78967131	79036605	4	0
A17A-0095_CRUK_PC_0095_M1	6	79036668	79487727	1	0
A17A-0095_CRUK_PC_0095_M1	6	79487735	79497218	4	0
A17A-0095_CRUK_PC_0095_M1	6	79497227	98092274	1	0
A17A-0095_CRUK_PC_0095_M1	6	98092313	98112058	5	0
A17A-0095_CRUK_PC_0095_M1	6	98112121	109181261	1	0
A17A-0095_CRUK_PC_0095_M1	6	109181398	116829395	2	2
A17A-0095_CRUK_PC_0095_M1	6	116829554	117362650	6	3
A17A-0095_CRUK_PC_0095_M1	6	117362856	118046362	2	2
A17A-0095_CRUK_PC_0095_M1	6	118046395	118078415	6	3
A17A-0095_CRUK_PC_0095_M1	6	118078528	123342606	2	2
A17A-0095_CRUK_PC_0095_M1	6	123342695	123671661	6	3
A17A-0095_CRUK_PC_0095_M1	6	123671675	137151298	2	2
A17A-0095_CRUK_PC_0095_M1	6	137151684	139990599	1	0
A17A-0095_CRUK_PC_0095_M1	6	139990600	140003813	5	0
A17A-0095_CRUK_PC_0095_M1	6	140003853	152380598	1	0
A17A-0095_CRUK_PC_0095_M1	6	152380617	152401807	4	0
A17A-0095_CRUK_PC_0095_M1	6	152401821	168333514	1	0
A17A-0095_CRUK_PC_0095_M1	6	168333540	168574151	1	1
A17A-0095_CRUK_PC_0095_M1	6	168574260	168597751	3	1
A17A-0095_CRUK_PC_0095_M1	6	168597776	170568088	1	0
A17A-0095_CRUK_PC_0095_M1	6	170568163	170579200	5	0
A17A-0095_CRUK_PC_0095_M1	6	170579275	170985833	1	0
A17A-0095_CRUK_PC_0095_M1	6	171010411	171051256	11	0
A17A-0095_CRUK_PC_0095_M1	7	31273	2838787	11	4
A17A-0095_CRUK_PC_0095_M1	7	2838826	2870379	27	6
A17A-0095_CRUK_PC_0095_M1	7	2870454	5939783	11	4
A17A-0095_CRUK_PC_0095_M1	7	5940032	5970922	3	2
A17A-0095_CRUK_PC_0095_M1	7	5970955	8792733	11	4
A17A-0095_CRUK_PC_0095_M1	7	8792814	9427299	13	9
A17A-0095_CRUK_PC_0095_M1	7	9427310	35503437	11	4
A17A-0095_CRUK_PC_0095_M1	7	35503445	43703502	2	2
A17A-0095_CRUK_PC_0095_M1	7	43703597	44455862	6	3
A17A-0095_CRUK_PC_0095_M1	7	44455926	45032112	2	2
A17A-0095_CRUK_PC_0095_M1	7	45032134	45058597	6	4
A17A-0095_CRUK_PC_0095_M1	7	45058756	51686316	2	2
A17A-0095_CRUK_PC_0095_M1	7	51686323	51756770	6	3
A17A-0095_CRUK_PC_0095_M1	7	51756829	90842875	2	2
A17A-0095_CRUK_PC_0095_M1	7	90842918	90904292	7	3
A17A-0095_CRUK_PC_0095_M1	7	90904376	102746305	3	2
A17A-0095_CRUK_PC_0095_M1	7	102746326	102838993	6	3
A17A-0095_CRUK_PC_0095_M1	7	102839017	111098750	3	2
A17A-0095_CRUK_PC_0095_M1	7	111098752	111231248	6	3
A17A-0095_CRUK_PC_0095_M1	7	111231366	118396035	3	2
A17A-0095_CRUK_PC_0095_M1	7	118396050	121253857	6	3
A17A-0095_CRUK_PC_0095_M1	7	121253879	134522232	3	2
A17A-0095_CRUK_PC_0095_M1	7	134522239	134739375	6	3
A17A-0095_CRUK_PC_0095_M1	7	134739498	151293249	3	2
A17A-0095_CRUK_PC_0095_M1	7	151293269	152017304	1	0
A17A-0095_CRUK_PC_0095_M1	7	152017481	152022522	0	0
A17A-0095_CRUK_PC_0095_M1	7	152022614	159128550	1	0
A17A-0095_CRUK_PC_0095_M1	8	113211	249329	1	0
A17A-0095_CRUK_PC_0095_M1	8	249343	2403437	4	0
A17A-0095_CRUK_PC_0095_M1	8	2403452	5987565	1	0
A17A-0095_CRUK_PC_0095_M1	8	5987600	6560710	4	0
A17A-0095_CRUK_PC_0095_M1	8	6560771	6991734	1	0
A17A-0095_CRUK_PC_0095_M1	8	6991789	6995490	0	0
A17A-0095_CRUK_PC_0095_M1	8	6995554	7153079	1	0
A17A-0095_CRUK_PC_0095_M1	8	7153082	7155665	0	0
A17A-0095_CRUK_PC_0095_M1	8	7155701	7258209	2	0
A17A-0095_CRUK_PC_0095_M1	8	7262216	7696900	0	0
A17A-0095_CRUK_PC_0095_M1	8	7709984	7774166	2	0
A17A-0095_CRUK_PC_0095_M1	8	7774168	8088644	0	0
A17A-0095_CRUK_PC_0095_M1	8	8088671	9397539	1	0
A17A-0095_CRUK_PC_0095_M1	8	9397681	9901420	0	0
A17A-0095_CRUK_PC_0095_M1	8	9901443	15931037	1	0
A17A-0095_CRUK_PC_0095_M1	8	15931068	15938691	4	0
A17A-0095_CRUK_PC_0095_M1	8	15938729	17397282	1	0
A17A-0095_CRUK_PC_0095_M1	8	17397308	17881253	4	0
A17A-0095_CRUK_PC_0095_M1	8	17881571	24310805	1	0
A17A-0095_CRUK_PC_0095_M1	8	24311071	24647511	4	0
A17A-0095_CRUK_PC_0095_M1	8	24647523	24972364	1	0
A17A-0095_CRUK_PC_0095_M1	8	24972423	24991264	4	0
A17A-0095_CRUK_PC_0095_M1	8	24991341	25066818	1	0
A17A-0095_CRUK_PC_0095_M1	8	25066834	25070664	0	0
A17A-0095_CRUK_PC_0095_M1	8	25070692	25313977	1	0
A17A-0095_CRUK_PC_0095_M1	8	25314047	27341271	0	0
A17A-0095_CRUK_PC_0095_M1	8	27341280	27700645	1	0
A17A-0095_CRUK_PC_0095_M1	8	27700720	28270500	4	0
A17A-0095_CRUK_PC_0095_M1	8	28270524	37558202	1	0
A17A-0095_CRUK_PC_0095_M1	8	37558205	56710536	2	2
A17A-0095_CRUK_PC_0095_M1	8	56710561	57753514	6	3
A17A-0095_CRUK_PC_0095_M1	8	57753585	66951488	2	2
A17A-0095_CRUK_PC_0095_M1	8	66951686	67786633	6	3
A17A-0095_CRUK_PC_0095_M1	8	67786792	67791721	1	0
A17A-0095_CRUK_PC_0095_M1	8	67791778	67936802	6	3
A17A-0095_CRUK_PC_0095_M1	8	67936829	68692827	4	0
A17A-0095_CRUK_PC_0095_M1	8	68692845	94696738	6	3
A17A-0095_CRUK_PC_0095_M1	8	94696756	95022587	11	4
A17A-0095_CRUK_PC_0095_M1	8	95022635	96349324	6	3
A17A-0095_CRUK_PC_0095_M1	8	96349482	96428310	16	4
A17A-0095_CRUK_PC_0095_M1	8	96428324	103158488	6	3
A17A-0095_CRUK_PC_0095_M1	8	103158642	103211479	11	4
A17A-0095_CRUK_PC_0095_M1	8	103211714	106439464	6	3
A17A-0095_CRUK_PC_0095_M1	8	106439552	120475434	4	0
A17A-0095_CRUK_PC_0095_M1	8	120475436	120913107	5	3
A17A-0095_CRUK_PC_0095_M1	8	120913117	121241295	7	7
A17A-0095_CRUK_PC_0095_M1	8	121241648	127546325	5	3
A17A-0095_CRUK_PC_0095_M1	8	127546365	128437659	11	4
A17A-0095_CRUK_PC_0095_M1	8	128437660	128811678	24	5
A17A-0095_CRUK_PC_0095_M1	8	128811712	129090224	17	5
A17A-0095_CRUK_PC_0095_M1	8	129090241	132317245	6	3
A17A-0095_CRUK_PC_0095_M1	8	132317280	132511739	10	4
A17A-0095_CRUK_PC_0095_M1	8	132511745	134472958	5	3
A17A-0095_CRUK_PC_0095_M1	8	134472969	146301295	5	2
A17A-0095_CRUK_PC_0095_M1	9	10674	13571341	1	0
A17A-0095_CRUK_PC_0095_M1	9	13571484	13575955	0	0
A17A-0095_CRUK_PC_0095_M1	9	13576004	24501835	1	0
A17A-0095_CRUK_PC_0095_M1	9	24501932	24519191	4	0
A17A-0095_CRUK_PC_0095_M1	9	24519195	29093231	1	0
A17A-0095_CRUK_PC_0095_M1	9	29093282	29098065	0	0
A17A-0095_CRUK_PC_0095_M1	9	29098104	35465054	1	0
A17A-0095_CRUK_PC_0095_M1	9	35465187	35494352	4	0
A17A-0095_CRUK_PC_0095_M1	9	35494385	40030444	1	0
A17A-0095_CRUK_PC_0095_M1	9	40033605	41696476	2	2
A17A-0095_CRUK_PC_0095_M1	9	41696477	42202732	1	0
A17A-0095_CRUK_PC_0095_M1	9	42203498	79809687	2	2
A17A-0095_CRUK_PC_0095_M1	9	79809695	81764078	6	3
A17A-0095_CRUK_PC_0095_M1	9	81764115	85705999	5	0
A17A-0095_CRUK_PC_0095_M1	9	85706164	85710834	0	0
A17A-0095_CRUK_PC_0095_M1	9	85710922	90545823	1	0
A17A-0095_CRUK_PC_0095_M1	9	90545881	90573690	4	0
A17A-0095_CRUK_PC_0095_M1	9	90573752	91059449	1	0
A17A-0095_CRUK_PC_0095_M1	9	91059463	91929603	3	2
A17A-0095_CRUK_PC_0095_M1	9	91929619	92015057	6	3
A17A-0095_CRUK_PC_0095_M1	9	92015108	93648754	3	2
A17A-0095_CRUK_PC_0095_M1	9	93648759	95519084	6	3
A17A-0095_CRUK_PC_0095_M1	9	95519223	107633388	3	2
A17A-0095_CRUK_PC_0095_M1	9	107633397	107763147	6	3
A17A-0095_CRUK_PC_0095_M1	9	107763245	110215995	3	2
A17A-0095_CRUK_PC_0095_M1	9	110216008	117117906	1	0
A17A-0095_CRUK_PC_0095_M1	9	117117912	117499348	3	2
A17A-0095_CRUK_PC_0095_M1	9	117499360	121278821	1	0
A17A-0095_CRUK_PC_0095_M1	9	121278823	121341504	4	1
A17A-0095_CRUK_PC_0095_M1	9	121341614	123074886	1	0
A17A-0095_CRUK_PC_0095_M1	9	123075036	134317533	3	2
A17A-0095_CRUK_PC_0095_M1	9	134317545	135272957	6	3
A17A-0095_CRUK_PC_0095_M1	9	135273020	139752023	3	2
A17A-0095_CRUK_PC_0095_M1	9	139752039	141127771	1	0
A17A-0095_CRUK_PC_0095_M1	10	60969	1422724	2	2
A17A-0095_CRUK_PC_0095_M1	10	1422761	1506675	6	3
A17A-0095_CRUK_PC_0095_M1	10	1507026	3678312	2	2
A17A-0095_CRUK_PC_0095_M1	10	3678502	3702305	1	1
A17A-0095_CRUK_PC_0095_M1	10	3702426	15336657	2	2
A17A-0095_CRUK_PC_0095_M1	10	15336691	16805597	6	3
A17A-0095_CRUK_PC_0095_M1	10	16805604	27561769	2	2
A17A-0095_CRUK_PC_0095_M1	10	27561956	27587874	6	3
A17A-0095_CRUK_PC_0095_M1	10	27587962	27972144	2	2
A17A-0095_CRUK_PC_0095_M1	10	27972329	28025879	6	3
A17A-0095_CRUK_PC_0095_M1	10	28026003	30625855	2	2
A17A-0095_CRUK_PC_0095_M1	10	30625890	31177699	6	3
A17A-0095_CRUK_PC_0095_M1	10	31177756	32739405	2	2
A17A-0095_CRUK_PC_0095_M1	10	32739430	32788554	6	3
A17A-0095_CRUK_PC_0095_M1	10	32788612	49741229	2	2
A17A-0095_CRUK_PC_0095_M1	10	49741350	51190208	6	3
A17A-0095_CRUK_PC_0095_M1	10	51328934	51723199	2	2
A17A-0095_CRUK_PC_0095_M1	10	51723219	59099594	6	3
A17A-0095_CRUK_PC_0095_M1	10	59099677	59656146	8	7
A17A-0095_CRUK_PC_0095_M1	10	59656766	71729979	6	3
A17A-0095_CRUK_PC_0095_M1	10	71729982	71760956	27	0
A17A-0095_CRUK_PC_0095_M1	10	71761001	73449173	6	3
A17A-0095_CRUK_PC_0095_M1	10	73449317	75749923	8	7
A17A-0095_CRUK_PC_0095_M1	10	75750046	87673238	6	3
A17A-0095_CRUK_PC_0095_M1	10	87673799	88545295	2	2
A17A-0095_CRUK_PC_0095_M1	10	88545321	88592630	9	0
A17A-0095_CRUK_PC_0095_M1	10	88592658	99393208	3	2
A17A-0095_CRUK_PC_0095_M1	10	99393234	100688651	1	0
A17A-0095_CRUK_PC_0095_M1	10	100688774	100702396	0	0
A17A-0095_CRUK_PC_0095_M1	10	100702431	121470755	1	0
A17A-0095_CRUK_PC_0095_M1	10	121470757	121492667	5	0
A17A-0095_CRUK_PC_0095_M1	10	121492771	132636079	1	0
A17A-0095_CRUK_PC_0095_M1	10	132636278	132638921	0	0
A17A-0095_CRUK_PC_0095_M1	10	132638963	132989015	1	0
A17A-0095_CRUK_PC_0095_M1	10	132989161	132991237	0	0
A17A-0095_CRUK_PC_0095_M1	10	132991254	135523407	1	0
A17A-0095_CRUK_PC_0095_M1	11	123284	22271038	2	2
A17A-0095_CRUK_PC_0095_M1	11	22271070	22713710	6	2
A17A-0095_CRUK_PC_0095_M1	11	22713713	46454871	2	2
A17A-0095_CRUK_PC_0095_M1	11	46454908	46576160	6	3
A17A-0095_CRUK_PC_0095_M1	11	46576169	47991563	2	2
A17A-0095_CRUK_PC_0095_M1	11	47991568	48038966	6	3
A17A-0095_CRUK_PC_0095_M1	11	48038997	58041187	2	2
A17A-0095_CRUK_PC_0095_M1	11	58041208	59128073	6	3
A17A-0095_CRUK_PC_0095_M1	11	59128095	74936955	3	2
A17A-0095_CRUK_PC_0095_M1	11	74937006	77644376	6	3
A17A-0095_CRUK_PC_0095_M1	11	77644419	81452558	11	4
A17A-0095_CRUK_PC_0095_M1	11	81452578	82208506	17	5
A17A-0095_CRUK_PC_0095_M1	11	82208555	94907381	11	4
A17A-0095_CRUK_PC_0095_M1	11	94907408	95116627	16	5
A17A-0095_CRUK_PC_0095_M1	11	95116654	109253410	11	4
A17A-0095_CRUK_PC_0095_M1	11	109253445	109341426	18	5
A17A-0095_CRUK_PC_0095_M1	11	109341493	113670991	1	0
A17A-0095_CRUK_PC_0095_M1	11	113671018	113711592	5	0
A17A-0095_CRUK_PC_0095_M1	11	113711675	122849571	1	0
A17A-0095_CRUK_PC_0095_M1	11	122849592	123766151	18	5
A17A-0095_CRUK_PC_0095_M1	11	123766294	126322393	11	4
A17A-0095_CRUK_PC_0095_M1	11	126322533	133008650	17	5
A17A-0095_CRUK_PC_0095_M1	11	133008743	133334071	52	8
A17A-0095_CRUK_PC_0095_M1	11	133334163	134946358	17	5
A17A-0095_CRUK_PC_0095_M1	12	61107	5221867	9	0
A17A-0095_CRUK_PC_0095_M1	12	5221876	5223469	0	0
A17A-0095_CRUK_PC_0095_M1	12	5223505	6278660	9	0
A17A-0095_CRUK_PC_0095_M1	12	6278661	9632882	1	0
A17A-0095_CRUK_PC_0095_M1	12	9632926	9734974	0	0
A17A-0095_CRUK_PC_0095_M1	12	9734976	10914024	1	0
A17A-0095_CRUK_PC_0095_M1	12	10914054	10926413	4	0
A17A-0095_CRUK_PC_0095_M1	12	10926487	15740899	1	0
A17A-0095_CRUK_PC_0095_M1	12	15740920	48313018	2	2
A17A-0095_CRUK_PC_0095_M1	12	48313025	48383235	6	3
A17A-0095_CRUK_PC_0095_M1	12	48383285	61014467	3	2
A17A-0095_CRUK_PC_0095_M1	12	61014503	61228190	6	3
A17A-0095_CRUK_PC_0095_M1	12	61228243	61283753	11	4
A17A-0095_CRUK_PC_0095_M1	12	61283788	63610574	6	3
A17A-0095_CRUK_PC_0095_M1	12	63610625	65073779	8	7
A17A-0095_CRUK_PC_0095_M1	12	65073978	65644117	14	9
A17A-0095_CRUK_PC_0095_M1	12	65644335	92255299	8	7
A17A-0095_CRUK_PC_0095_M1	12	92255352	93130766	6	3
A17A-0095_CRUK_PC_0095_M1	12	93130779	97758782	3	2
A17A-0095_CRUK_PC_0095_M1	12	97758817	98684112	6	3
A17A-0095_CRUK_PC_0095_M1	12	98684153	104436588	3	2
A17A-0095_CRUK_PC_0095_M1	12	104436660	104751472	6	3
A17A-0095_CRUK_PC_0095_M1	12	104751510	104813328	11	4
A17A-0095_CRUK_PC_0095_M1	12	104813359	107900258	6	3
A17A-0095_CRUK_PC_0095_M1	12	107900261	110730078	5	0
A17A-0095_CRUK_PC_0095_M1	12	110730097	110801413	10	0
A17A-0095_CRUK_PC_0095_M1	12	110801501	112497707	5	0
A17A-0095_CRUK_PC_0095_M1	12	112497761	112566175	10	0
A17A-0095_CRUK_PC_0095_M1	12	112566315	133234486	5	0
A17A-0095_CRUK_PC_0095_M1	12	133234499	133841335	2	0
A17A-0095_CRUK_PC_0095_M1	13	19020627	34025044	6	3
A17A-0095_CRUK_PC_0095_M1	13	34025048	35642193	1	0
A17A-0095_CRUK_PC_0095_M1	13	35642248	41982559	6	3
A17A-0095_CRUK_PC_0095_M1	13	41982847	49533333	4	0
A17A-0095_CRUK_PC_0095_M1	13	49533410	49536749	0	0
A17A-0095_CRUK_PC_0095_M1	13	49536756	51608785	4	0
A17A-0095_CRUK_PC_0095_M1	13	51608790	59393002	5	3
A17A-0095_CRUK_PC_0095_M1	13	59393023	65279088	1	0
A17A-0095_CRUK_PC_0095_M1	13	65279159	65824140	4	0
A17A-0095_CRUK_PC_0095_M1	13	65824153	95171411	1	0
A17A-0095_CRUK_PC_0095_M1	13	95171561	95293149	0	0
A17A-0095_CRUK_PC_0095_M1	13	95293192	96303474	1	0
A17A-0095_CRUK_PC_0095_M1	13	96303624	96311923	0	0
A17A-0095_CRUK_PC_0095_M1	13	96312086	104682519	4	0
A17A-0095_CRUK_PC_0095_M1	13	104682524	104701286	0	0
A17A-0095_CRUK_PC_0095_M1	13	104701372	115109567	1	0
A17A-0095_CRUK_PC_0095_M1	14	19002084	20143028	3	2
A17A-0095_CRUK_PC_0095_M1	14	20143060	20321917	4	2
A17A-0095_CRUK_PC_0095_M1	14	20321933	30362040	2	2
A17A-0095_CRUK_PC_0095_M1	14	30362219	30415178	6	3
A17A-0095_CRUK_PC_0095_M1	14	30415279	31522749	2	2
A17A-0095_CRUK_PC_0095_M1	14	31523039	31639339	6	3
A17A-0095_CRUK_PC_0095_M1	14	31639357	39098534	2	2
A17A-0095_CRUK_PC_0095_M1	14	39098622	39595252	3	3
A17A-0095_CRUK_PC_0095_M1	14	39595320	39670374	6	3
A17A-0095_CRUK_PC_0095_M1	14	39670567	57130137	2	2
A17A-0095_CRUK_PC_0095_M1	14	57130210	57242884	6	3
A17A-0095_CRUK_PC_0095_M1	14	57242905	73761247	2	2
A17A-0095_CRUK_PC_0095_M1	14	73761296	75231689	1	0
A17A-0095_CRUK_PC_0095_M1	14	75231705	88428509	2	2
A17A-0095_CRUK_PC_0095_M1	14	88428510	88505471	6	3
A17A-0095_CRUK_PC_0095_M1	14	88505522	99519113	2	2
A17A-0095_CRUK_PC_0095_M1	14	99519193	99567433	6	3
A17A-0095_CRUK_PC_0095_M1	14	99567450	106316381	3	2
A17A-0095_CRUK_PC_0095_M1	14	106316420	107289453	6	3
A17A-0095_CRUK_PC_0095_M1	15	20001200	22811205	3	2
A17A-0095_CRUK_PC_0095_M1	15	22811366	23470194	6	3
A17A-0095_CRUK_PC_0095_M1	15	23477542	46589776	2	2
A17A-0095_CRUK_PC_0095_M1	15	46589916	46626935	6	3
A17A-0095_CRUK_PC_0095_M1	15	46626940	55982148	2	2
A17A-0095_CRUK_PC_0095_M1	15	55982226	57093962	6	3
A17A-0095_CRUK_PC_0095_M1	15	57094042	68644470	2	2
A17A-0095_CRUK_PC_0095_M1	15	68644530	68755132	5	3
A17A-0095_CRUK_PC_0095_M1	15	68755136	80646158	3	2
A17A-0095_CRUK_PC_0095_M1	15	80646166	84627989	3	3
A17A-0095_CRUK_PC_0095_M1	15	84628124	84792243	9	4
A17A-0095_CRUK_PC_0095_M1	15	84792501	88200826	3	3
A17A-0095_CRUK_PC_0095_M1	15	88200876	88255122	9	4
A17A-0095_CRUK_PC_0095_M1	15	88255214	100155295	3	3
A17A-0095_CRUK_PC_0095_M1	15	100155326	100216870	10	5
A17A-0095_CRUK_PC_0095_M1	15	100216900	101971806	3	3
A17A-0095_CRUK_PC_0095_M1	15	101971832	102018522	9	4
A17A-0095_CRUK_PC_0095_M1	15	102018586	102520965	3	3
A17A-0095_CRUK_PC_0095_M1	16	60085	1306377	6	3
A17A-0095_CRUK_PC_0095_M1	16	1306484	25060524	3	2
A17A-0095_CRUK_PC_0095_M1	16	25060787	25174448	6	3
A17A-0095_CRUK_PC_0095_M1	16	25174464	28561982	2	2
A17A-0095_CRUK_PC_0095_M1	16	28562256	28656526	6	3
A17A-0095_CRUK_PC_0095_M1	16	28700213	31010270	3	2
A17A-0095_CRUK_PC_0095_M1	16	31010374	31676116	1	0
A17A-0095_CRUK_PC_0095_M1	16	31676140	34338175	3	2
A17A-0095_CRUK_PC_0095_M1	16	34338485	34371508	7	3
A17A-0095_CRUK_PC_0095_M1	16	34371828	46489386	2	2
A17A-0095_CRUK_PC_0095_M1	16	46489599	47169989	6	3
A17A-0095_CRUK_PC_0095_M1	16	47170063	58474408	2	2
A17A-0095_CRUK_PC_0095_M1	16	58474492	58826456	1	0
A17A-0095_CRUK_PC_0095_M1	16	58826464	68714678	2	2
A17A-0095_CRUK_PC_0095_M1	16	68714748	68791152	6	3
A17A-0095_CRUK_PC_0095_M1	16	68791183	90292811	2	2
A17A-0095_CRUK_PC_0095_M1	17	56	193862	4	0
A17A-0095_CRUK_PC_0095_M1	17	193987	197267	0	0
A17A-0095_CRUK_PC_0095_M1	17	197308	3734836	4	0
A17A-0095_CRUK_PC_0095_M1	17	3734840	3735858	0	0
A17A-0095_CRUK_PC_0095_M1	17	3735861	4524188	4	0
A17A-0095_CRUK_PC_0095_M1	17	4524203	14088111	1	0
A17A-0095_CRUK_PC_0095_M1	17	14089208	14111287	4	0
A17A-0095_CRUK_PC_0095_M1	17	14111313	16573772	1	0
A17A-0095_CRUK_PC_0095_M1	17	16574023	16587314	0	0
A17A-0095_CRUK_PC_0095_M1	17	16587410	16754377	1	0
A17A-0095_CRUK_PC_0095_M1	17	16754609	20517306	3	2
A17A-0095_CRUK_PC_0095_M1	17	20517310	20580215	6	3
A17A-0095_CRUK_PC_0095_M1	17	20580249	26295845	2	2
A17A-0095_CRUK_PC_0095_M1	17	26296049	26428761	7	3
A17A-0095_CRUK_PC_0095_M1	17	26428786	40160530	2	2
A17A-0095_CRUK_PC_0095_M1	17	40160565	42343605	1	0
A17A-0095_CRUK_PC_0095_M1	17	42343701	45865137	3	2
A17A-0095_CRUK_PC_0095_M1	17	45865211	46156510	6	3
A17A-0095_CRUK_PC_0095_M1	17	46156541	55101324	2	2
A17A-0095_CRUK_PC_0095_M1	17	55101388	55125816	6	3
A17A-0095_CRUK_PC_0095_M1	17	55125818	55928216	2	2
A17A-0095_CRUK_PC_0095_M1	17	55928223	58288091	6	3
A17A-0095_CRUK_PC_0095_M1	17	58288135	58756184	8	7
A17A-0095_CRUK_PC_0095_M1	17	58756268	68252027	6	3
A17A-0095_CRUK_PC_0095_M1	17	68252028	68341583	1	0
A17A-0095_CRUK_PC_0095_M1	17	68341894	70587877	2	2
A17A-0095_CRUK_PC_0095_M1	17	70587958	71282367	6	3
A17A-0095_CRUK_PC_0095_M1	17	71282390	73527662	3	2
A17A-0095_CRUK_PC_0095_M1	17	73527698	73586358	6	3
A17A-0095_CRUK_PC_0095_M1	17	73586381	76456352	3	2
A17A-0095_CRUK_PC_0095_M1	17	76456364	76472240	1	0
A17A-0095_CRUK_PC_0095_M1	17	76472249	81194235	3	2
A17A-0095_CRUK_PC_0095_M1	18	10644	3795517	2	2
A17A-0095_CRUK_PC_0095_M1	18	3795827	3880507	6	3
A17A-0095_CRUK_PC_0095_M1	18	3880559	9915836	2	2
A17A-0095_CRUK_PC_0095_M1	18	9915858	10263360	5	3
A17A-0095_CRUK_PC_0095_M1	18	10263417	13413912	2	2
A17A-0095_CRUK_PC_0095_M1	18	13413913	13467834	6	3
A17A-0095_CRUK_PC_0095_M1	18	13467992	23092228	2	2
A17A-0095_CRUK_PC_0095_M1	18	23092229	41854836	6	3
A17A-0095_CRUK_PC_0095_M1	18	41854889	42317579	8	7
A17A-0095_CRUK_PC_0095_M1	18	42317704	47771360	6	3
A17A-0095_CRUK_PC_0095_M1	18	47771480	47827809	8	7
A17A-0095_CRUK_PC_0095_M1	18	47827822	56002597	6	3
A17A-0095_CRUK_PC_0095_M1	18	56002732	56801644	18	5
A17A-0095_CRUK_PC_0095_M1	18	56801688	59559324	6	3
A17A-0095_CRUK_PC_0095_M1	18	59559463	60457920	8	7
A17A-0095_CRUK_PC_0095_M1	18	60458020	72392105	6	3
A17A-0095_CRUK_PC_0095_M1	18	72392175	75667838	4	0
A17A-0095_CRUK_PC_0095_M1	18	75667842	75683823	14	0
A17A-0095_CRUK_PC_0095_M1	18	75683866	78017073	4	0
A17A-0095_CRUK_PC_0095_M1	19	90974	3835667	1	0
A17A-0095_CRUK_PC_0095_M1	19	3835812	23355399	3	2
A17A-0095_CRUK_PC_0095_M1	19	23355400	23534460	1	0
A17A-0095_CRUK_PC_0095_M1	19	23534557	23775869	2	2
A17A-0095_CRUK_PC_0095_M1	19	23775922	24390855	1	0
A17A-0095_CRUK_PC_0095_M1	19	24390916	32145626	2	2
A17A-0095_CRUK_PC_0095_M1	19	32145741	33801895	6	3
A17A-0095_CRUK_PC_0095_M1	19	33802104	39667381	3	2
A17A-0095_CRUK_PC_0095_M1	19	39667455	39809077	6	3
A17A-0095_CRUK_PC_0095_M1	19	39809141	41178506	3	2
A17A-0095_CRUK_PC_0095_M1	19	41178543	44169044	1	0
A17A-0095_CRUK_PC_0095_M1	19	44169126	47476523	3	2
A17A-0095_CRUK_PC_0095_M1	19	47476576	48462745	6	3
A17A-0095_CRUK_PC_0095_M1	19	48462773	50357429	3	2
A17A-0095_CRUK_PC_0095_M1	19	50357625	50403535	6	3
A17A-0095_CRUK_PC_0095_M1	19	50403661	50511773	3	2
A17A-0095_CRUK_PC_0095_M1	19	50511852	51451450	6	3
A17A-0095_CRUK_PC_0095_M1	19	51451508	53465403	3	2
A17A-0095_CRUK_PC_0095_M1	19	53465438	53532141	6	3
A17A-0095_CRUK_PC_0095_M1	19	53532219	59118096	3	2
A17A-0095_CRUK_PC_0095_M1	20	60479	7953788	6	3
A17A-0095_CRUK_PC_0095_M1	20	7953803	8279109	1	0
A17A-0095_CRUK_PC_0095_M1	20	8279230	25366174	2	2
A17A-0095_CRUK_PC_0095_M1	20	25366203	62965162	3	2
A17A-0095_CRUK_PC_0095_M1	21	9411243	9909920	1	0
A17A-0095_CRUK_PC_0095_M1	21	9909932	10132130	0	0
A17A-0095_CRUK_PC_0095_M1	21	10132138	39854789	2	2
A17A-0095_CRUK_PC_0095_M1	21	39854793	42878941	1	0
A17A-0095_CRUK_PC_0095_M1	21	42879182	45167097	2	2
A17A-0095_CRUK_PC_0095_M1	21	45167147	45752892	6	3
A17A-0095_CRUK_PC_0095_M1	21	45752906	48119216	3	2
A17A-0095_CRUK_PC_0095_M1	22	16050408	23478678	2	2
A17A-0095_CRUK_PC_0095_M1	22	23478695	23517894	6	3
A17A-0095_CRUK_PC_0095_M1	22	23517938	24132416	2	2
A17A-0095_CRUK_PC_0095_M1	22	24132434	24274166	1	0
A17A-0095_CRUK_PC_0095_M1	22	24274382	24301656	0	0
A17A-0095_CRUK_PC_0095_M1	22	24301825	25662123	1	0
A17A-0095_CRUK_PC_0095_M1	22	25662137	26004047	2	1
A17A-0095_CRUK_PC_0095_M1	22	26004249	28346111	1	0
A17A-0095_CRUK_PC_0095_M1	22	28346184	28359631	0	0
A17A-0095_CRUK_PC_0095_M1	22	28359711	31500671	1	0
A17A-0095_CRUK_PC_0095_M1	22	31500991	31626495	4	0
A17A-0095_CRUK_PC_0095_M1	22	31626646	41826688	1	0
A17A-0095_CRUK_PC_0095_M1	22	41826705	41887649	5	0
A17A-0095_CRUK_PC_0095_M1	22	41887755	44054776	1	0
A17A-0095_CRUK_PC_0095_M1	22	44054778	44861670	4	0
A17A-0095_CRUK_PC_0095_M1	22	44861744	51238249	1	0
A17A-0095_CRUK_PC_0095_M1	X	60072	12669319	5	0
A17A-0095_CRUK_PC_0095_M1	X	12669342	14977884	14	0
A17A-0095_CRUK_PC_0095_M1	X	14978036	17448973	28	0
A17A-0095_CRUK_PC_0095_M1	X	17448993	19184325	67	0
A17A-0095_CRUK_PC_0095_M1	X	19184464	27720730	28	0
A17A-0095_CRUK_PC_0095_M1	X	27720737	36388871	13	0
A17A-0095_CRUK_PC_0095_M1	X	36388887	62558393	4	0
A17A-0095_CRUK_PC_0095_M1	X	62558850	66110937	13	0
A17A-0095_CRUK_PC_0095_M1	X	66110955	66167173	46	0
A17A-0095_CRUK_PC_0095_M1	X	66167272	71188864	13	0
A17A-0095_CRUK_PC_0095_M1	X	71189018	115133624	4	0
A17A-0095_CRUK_PC_0095_M1	X	115133657	115202800	16	0
A17A-0095_CRUK_PC_0095_M1	X	115202886	155255094	4	0
