	Chr	Position	S1	S2
SNP1	1	30	0.03615	-1.0395
SNP2	1	177	0.14998	-0.79433
SNP3	1	890	-0.00891	-0.76137
SNP4	1	1029	0.40188	-0.67521
SNP5	1	1087	0.14902	-0.7298
SNP6	1	1119	0.24118	-1.11302
SNP7	1	1141	-0.01159	-1.23452
SNP8	1	1297	-0.049	-1.2192
SNP9	1	1755	0.1804	-0.93238
SNP10	1	1833	0.06788	-1.1573
SNP11	1	1970	-0.53398	-0.7949
SNP12	1	2070	-0.47161	-0.51406
SNP13	1	2810	-0.10735	-0.64844
SNP14	1	2848	-0.03607	-1.12788
SNP15	1	2975	-0.35617	-0.90718
SNP16	1	3214	-0.03752	-0.56657
SNP17	1	3610	-0.27618	-1.76726
SNP18	1	3815	0.04328	-0.92242
SNP19	1	3817	-0.47675	-0.76401
SNP20	1	3932	0.55869	-0.72004
SNP21	1	3940	-0.06715	-0.6712
SNP22	1	3981	-0.55576	-0.87605
SNP23	1	4199	-0.33014	-0.8814
SNP24	1	4281	0.00917	-0.63413
SNP25	1	4290	-0.48111	-1.43605
SNP26	1	4526	0.20188	-0.7534
SNP27	1	4821	-0.45221	-1.07312
SNP28	1	4901	-0.28781	-0.91101
SNP29	1	4936	-0.45224	-0.94364
SNP30	1	5067	-0.132	-1.23918
SNP31	1	5168	-0.09638	-0.19951
SNP32	1	5229	0.16822	-1.00377
SNP33	1	5280	-0.20171	-0.54645
SNP34	1	5396	0.10228	-0.94606
SNP35	1	5582	0.25983	-1.14934
SNP36	1	5600	0.28177	-0.71123
SNP37	1	5953	0.21102	-1.1195
SNP38	1	6062	-0.46208	-0.74245
SNP39	1	6185	-0.10138	-1.44386
SNP40	1	6345	0.35246	-0.80644
SNP41	1	6567	-0.43877	-0.87518
SNP42	1	6662	-0.36913	-1.42339
SNP43	1	6720	-0.10269	-0.70725
SNP44	1	6821	-0.21336	-1.28872
SNP45	1	6827	-0.17954	-1.29009
SNP46	1	7260	-0.09792	-0.95187
SNP47	1	7765	-0.38315	-1.10085
SNP48	1	7812	-0.05623	-0.70473
SNP49	1	7867	-0.15218	-1.31278
SNP50	1	8538	-0.10519	-1.12465
SNP51	1	8779	-0.16559	-1.22071
SNP52	1	9109	-0.6254	-1.24336
SNP53	1	9116	-0.01857	-0.85784
SNP54	1	9187	-0.76651	-0.68559
SNP55	1	9307	-0.29055	-0.96571
SNP56	1	9332	-0.37383	-1.16611
SNP57	1	9368	-0.3253	-0.6263
SNP58	1	9380	-0.30458	-0.87348
SNP59	1	10198	0.13067	-0.6813
SNP60	1	10303	-0.79577	-0.71963
SNP61	1	10720	-0.00508	-0.66094
SNP62	1	11061	0.03042	-1.29336
SNP63	1	11114	-0.29366	-1.1929
SNP64	1	11458	-0.16753	-0.39598
SNP65	1	11877	-0.21794	-1.19189
SNP66	1	11931	0.02955	-0.95055
SNP67	1	11988	-0.06907	-0.7987
SNP68	1	12001	-0.31171	-0.6883
SNP69	1	12053	-0.11098	-0.71143
SNP70	1	12143	0.06928	-0.98564
SNP71	1	12159	-0.35026	-1.1125
SNP72	1	12486	-0.18127	-1.41498
SNP73	1	12709	-0.21889	-0.88166
SNP74	1	12851	-0.15507	-1.25231
SNP75	1	13281	-0.38241	-0.93741
SNP76	1	13362	0.17608	-0.91834
SNP77	1	13700	0.06999	-0.98281
SNP78	1	13905	-0.18994	-1.12511
SNP79	1	14187	-0.48988	-1.1894
SNP80	1	14202	0.27232	-0.88412
SNP81	1	14396	-0.20925	-0.63403
SNP82	1	14589	-0.09946	-0.85847
SNP83	1	14798	0.38341	-0.99649
SNP84	1	14828	0.55269	-1.13631
SNP85	1	14910	-0.31234	-0.96757
SNP86	1	14914	-0.18712	-0.67923
SNP87	1	15019	-0.05326	-0.73305
SNP88	1	15037	-0.31472	-0.98033
SNP89	1	15142	0.04114	-1.33689
SNP90	1	15465	0.41018	-1.35802
SNP91	1	15718	0.18388	-1.02138
SNP92	1	15952	-0.65442	-1.01208
SNP93	1	16072	-0.15762	-0.7325
SNP94	1	16180	-0.14735	-1.17258
SNP95	1	16353	-0.28024	-1.05441
SNP96	1	16427	-0.33609	-0.71628
SNP97	1	16429	0.01762	-0.95739
SNP98	1	16580	0.23894	-1.24036
SNP99	1	16761	-0.15439	-1.0611
SNP100	1	17056	0.21839	-0.52466
SNP101	1	17134	-0.25708	-0.83087
SNP102	1	17175	0.13047	-0.758
SNP103	1	17284	-0.08819	-0.99826
SNP104	1	17396	-0.68569	-0.61818
SNP105	1	17944	-0.02458	-0.88601
SNP106	1	17968	-0.08388	-0.85976
SNP107	1	18665	-0.13027	-0.82563
SNP108	1	18802	-0.20409	-1.08121
SNP109	1	18898	0.07686	-0.69181
SNP110	1	19081	0.10884	-0.56068
SNP111	1	19171	-0.13709	-1.52078
SNP112	1	19190	-0.29644	-0.81733
SNP113	1	19515	-0.58216	-0.81541
SNP114	1	19925	-0.79453	-0.97202
SNP115	1	20079	-0.45059	-0.52207
SNP116	1	20388	-0.79473	-0.76202
SNP117	1	20732	0.24316	-1.21853
SNP118	1	20976	-0.46804	-0.90171
SNP119	1	21373	0.08625	-0.88506
SNP120	1	21609	0.52773	-0.56486
SNP121	1	21699	0.23436	-0.89806
SNP122	1	21941	-0.49619	-0.58332
SNP123	1	22069	-0.24318	-0.89773
SNP124	1	22105	0.21748	-0.65317
SNP125	1	22184	-0.06369	-1.00666
SNP126	1	22510	-0.24514	-1.09972
SNP127	1	22906	-0.09417	-0.93043
SNP128	1	23096	0.18868	-1.03642
SNP129	1	23256	-0.4028	-0.47656
SNP130	1	23656	-0.04132	-0.863
SNP131	1	23793	0.23964	-0.9238
SNP132	1	24314	0.18783	-0.99757
SNP133	1	24528	-0.29136	-0.8847
SNP134	1	24835	-0.2283	-1.05959
SNP135	1	24856	0.26893	-0.94257
SNP136	1	24965	-0.21154	-1.03461
SNP137	1	25334	-0.3645	-0.93155
SNP138	1	25469	-0.5383	-1.10961
SNP139	1	25591	-0.13749	-1.2826
SNP140	1	25863	-0.64563	-0.99887
SNP141	1	25874	0.20214	-1.14147
SNP142	1	26009	-0.39249	-0.85542
SNP143	1	26148	-0.24699	-1.18126
SNP144	1	26165	-0.27696	-1.02133
SNP145	1	26181	-0.45251	-0.53611
SNP146	1	26219	-0.4621	-1.03971
SNP147	1	26560	0.32322	-0.62001
SNP148	1	26653	0.1411	-1.29943
SNP149	1	26656	-0.46645	-0.58006
SNP150	1	26822	0.17736	-1.09321
SNP151	1	26886	-0.12484	-1.74883
SNP152	1	27002	-0.08745	-0.52523
SNP153	1	27458	-0.4179	-0.68369
SNP154	1	27576	0.08017	-0.91453
SNP155	1	27607	-0.61021	-0.58416
SNP156	1	27934	-0.13689	-1.09594
SNP157	1	28641	-0.13133	-0.56546
SNP158	1	28867	0.34172	-0.61598
SNP159	1	28877	-0.12701	-1.00681
SNP160	1	28997	-0.79735	-1.26147
SNP161	1	29151	0.24847	-0.83865
SNP162	1	29358	-0.19596	-0.64771
SNP163	1	30009	-0.31263	-0.85981
SNP164	1	30011	0.00951	-0.8693
SNP165	1	30149	0.07135	-0.58753
SNP166	1	30151	-0.11711	-0.77623
SNP167	1	30193	0.10474	-0.75167
SNP168	1	30205	0.33634	-1.15503
SNP169	1	30289	-0.34051	-1.2293
SNP170	1	30329	-0.22543	-0.51704
SNP171	1	30650	0.16398	-0.20378
SNP172	1	31403	-0.34188	-1.21058
SNP173	1	31735	0.03571	-0.55981
SNP174	1	32094	0.10981	-0.57829
SNP175	1	32123	-0.30062	-0.82608
SNP176	1	32136	0.00881	-0.82777
SNP177	1	32248	0.06859	-1.56141
SNP178	1	32886	-0.5766	-0.51206
SNP179	1	33425	-0.25032	-1.11813
SNP180	1	33496	-0.05218	-1.16581
SNP181	1	33587	-0.04514	-0.74638
SNP182	1	33786	-0.37894	-0.76951
SNP183	1	33922	-0.16914	-0.81142
SNP184	1	33968	-0.58505	-0.77635
SNP185	1	34240	-0.12792	-0.69102
SNP186	1	34725	0.36094	-0.8456
SNP187	1	34728	-0.69228	-0.82632
SNP188	1	34791	0.6198	-0.57175
SNP189	1	34832	0.34716	-0.83821
SNP190	1	34929	-0.33389	-1.57827
SNP191	1	34991	-0.32474	-0.56833
SNP192	1	35045	-0.12915	-0.9605
SNP193	1	35402	-0.21347	-1.30097
SNP194	1	35465	-0.05811	-1.68642
SNP195	1	35471	0.08687	-0.83846
SNP196	1	35581	0.16044	-0.98241
SNP197	1	35753	0.07196	-0.98959
SNP198	1	35906	-0.381	-1.01462
SNP199	1	35944	-0.19131	-0.82756
SNP200	1	35961	-0.55333	-0.81896
SNP201	1	36101	-0.42275	0.03378
SNP202	1	36113	-0.17084	-0.62954
SNP203	1	36642	0.17287	0.0446
SNP204	1	37082	0.39578	2e-05
SNP205	1	37173	-0.08064	0.09882
SNP206	1	37186	-0.16125	-0.0428
SNP207	1	37326	0.06985	-0.08646
SNP208	1	37405	-0.38765	0.12049
SNP209	1	37459	-0.14716	0.01081
SNP210	1	37578	-0.01006	-0.00925
SNP211	1	37997	-0.22531	0.34419
SNP212	1	38019	-0.00296	0.14307
SNP213	1	38298	-0.06202	0.03352
SNP214	1	38426	-0.25499	0.11427
SNP215	1	38460	-0.71062	-0.16135
SNP216	1	38490	-0.07252	0.10454
SNP217	1	38579	0.04205	-0.51254
SNP218	1	39487	0.36336	0.25562
SNP219	1	39637	-0.2964	0.28669
SNP220	1	39809	-0.13216	0.42317
SNP221	1	39834	0.03117	0.01078
SNP222	1	40092	-0.12817	0.20999
SNP223	1	40532	-0.3202	-0.29335
SNP224	1	40780	-0.15801	-0.03355
SNP225	1	40928	-0.22511	0.1149
SNP226	1	40948	-0.30183	-0.03093
SNP227	1	41201	-0.42829	-0.09537
SNP228	1	41616	-0.12854	-0.23426
SNP229	1	41854	-0.23653	-0.05404
SNP230	1	42112	-0.27513	0.12721
SNP231	1	42283	0.2072	0.10082
SNP232	1	42322	-0.46366	-0.67453
SNP233	1	42592	-0.28874	-0.04156
SNP234	1	42676	0.01698	0.0657
SNP235	1	42782	-0.19993	0.12434
SNP236	1	42823	-0.37213	0.0598
SNP237	1	42901	-0.24353	0.12031
SNP238	1	43486	-0.49545	-0.2883
SNP239	1	43672	0.15612	-0.10731
SNP240	1	44040	-0.57865	0.21289
SNP241	1	44233	-0.33316	0.36796
SNP242	1	44283	0.06142	-0.0813
SNP243	1	44393	-0.17928	0.33138
SNP244	1	44494	-0.25332	-0.09539
SNP245	1	44681	-0.4249	0.03431
SNP246	1	44750	-0.18451	-0.27865
SNP247	1	44842	0.38998	-0.25375
SNP248	1	45133	-0.15694	-0.06252
SNP249	1	45185	0.42205	-0.29785
SNP250	1	45195	0.15208	-0.48957
SNP251	1	45259	-0.24719	0.48717
SNP252	1	45581	-0.2127	0.4432
SNP253	1	45702	-0.71642	0.05312
SNP254	1	45813	-0.6875	0.55318
SNP255	1	45872	-0.50581	0.48758
SNP256	1	45987	-0.19101	-0.16697
SNP257	1	46233	-0.15586	0.10008
SNP258	1	46240	0.0013	0.59816
SNP259	1	46316	-0.33073	-0.14698
SNP260	1	46357	-0.13273	0.45587
SNP261	1	47229	-0.32376	0.2887
SNP262	1	47398	-0.17721	-0.05112
SNP263	1	47544	-0.01585	-0.08361
SNP264	1	47646	0.03989	-0.17967
SNP265	1	47675	-0.47443	0.23746
SNP266	1	47831	0.21447	0.35848
SNP267	1	48054	0.08489	0.04647
SNP268	1	48120	0.32956	0.12343
SNP269	1	48161	-0.36555	-0.20801
SNP270	1	48217	0.45394	0.15411
SNP271	1	48266	-0.25938	0.32857
SNP272	1	48428	-0.46162	0.84507
SNP273	1	48540	0.08986	-0.20288
SNP274	1	48549	0.05518	0.57021
SNP275	1	48749	0.22202	-0.35267
SNP276	1	49241	0.12655	-0.37986
SNP277	1	49259	-0.787	0.26927
SNP278	1	49368	-0.56984	-0.29553
SNP279	1	49385	-0.20547	-0.12391
SNP280	1	49445	-0.31612	-0.15405
SNP281	1	49684	-0.10114	0.06407
SNP282	1	49830	-0.14629	0.10142
SNP283	1	49854	-0.25616	0.2081
SNP284	1	49975	0.02443	0.02167
SNP285	1	49981	0.13163	-0.0857
SNP286	1	50034	0.35218	0.06035
SNP287	1	50382	-0.49569	-0.06073
SNP288	1	50529	-0.46027	0.24468
SNP289	1	50628	-0.10527	-0.19203
SNP290	1	50633	0.06806	0.60715
SNP291	1	50886	-0.14695	0.08384
SNP292	1	51104	-0.29025	0.19288
SNP293	1	51122	-0.17142	0.45343
SNP294	1	51124	-0.55975	-0.20954
SNP295	1	51201	-0.34973	0.15532
SNP296	1	51347	0.31773	-0.37298
SNP297	1	51519	-0.05132	0.37231
SNP298	1	51589	-0.67826	-0.04822
SNP299	1	51611	0.44784	0.00364
SNP300	1	51771	-0.17706	0.40638
SNP301	1	51778	0.15669	0.77881
SNP302	1	52481	0.44792	0.60129
SNP303	1	52522	-0.40368	0.03159
SNP304	1	52606	0.15302	0.5153
SNP305	1	52647	0.08046	0.24546
SNP306	1	52742	1.05984	0.94156
SNP307	1	52784	0.27718	0.30628
SNP308	1	53176	0.23933	0.22417
SNP309	1	53855	0.32808	1.04148
SNP310	1	54066	0.7338	0.6137
SNP311	1	54334	1.26982	0.63618
SNP312	1	54423	0.59015	0.53629
SNP313	1	54567	0.13664	0.73554
SNP314	1	54639	0.51457	0.78974
SNP315	1	55029	0.45087	0.82977
SNP316	1	55387	0.06562	0.79886
SNP317	1	55762	0.42736	0.57171
SNP318	1	56087	0.21435	0.95652
SNP319	1	56134	0.7976	0.77249
SNP320	1	56223	0.51817	0.55653
SNP321	1	56295	0.51708	0.19414
SNP322	1	56311	0.27772	0.66118
SNP323	1	56519	0.04079	0.12541
SNP324	1	56773	0.22649	0.71321
SNP325	1	56847	0.12581	0.36023
SNP326	1	56923	0.36605	0.40039
SNP327	1	57280	0.03666	0.96616
SNP328	1	57472	0.48481	0.93715
SNP329	1	57480	0.24038	1.21001
SNP330	1	57500	0.21835	1.14485
SNP331	1	58465	0.44183	0.91377
SNP332	1	58552	0.45995	0.8735
SNP333	1	58667	0.54416	0.30389
SNP334	1	58716	0.37144	0.3999
SNP335	1	58756	0.70239	1.05151
SNP336	1	59106	0.49727	0.70179
SNP337	1	59259	0.69239	0.78075
SNP338	1	59347	0.51667	0.71661
SNP339	1	59365	0.53263	0.78902
SNP340	1	59637	-0.08882	0.86879
SNP341	1	59672	0.77226	0.5659
SNP342	1	59891	0.63629	0.38373
SNP343	1	59970	0.803	0.82543
SNP344	1	60273	0.65834	0.6203
SNP345	1	60465	-0.28023	1.4352
SNP346	1	60763	0.05866	0.3145
SNP347	1	60967	0.88721	0.81808
SNP348	1	61208	0.6421	0.79318
SNP349	1	61519	0.97768	0.67486
SNP350	1	61660	0.6385	0.33343
SNP351	1	61751	-0.00068	0.74507
SNP352	1	62226	0.31081	0.86128
SNP353	1	62551	0.31477	0.29065
SNP354	1	63132	0.60813	0.52839
SNP355	1	63362	-0.02007	0.61566
SNP356	1	63414	0.82188	0.38476
SNP357	1	63475	0.6293	0.74659
SNP358	1	63863	0.0236	0.4416
SNP359	1	63932	0.06458	0.12195
SNP360	1	64061	0.71763	0.48198
SNP361	1	64228	0.07704	0.34727
SNP362	1	64308	0.89879	0.44559
SNP363	1	64499	-0.08379	0.61855
SNP364	1	64856	0.7668	0.96642
SNP365	1	64900	-0.20822	1.09089
SNP366	1	64905	0.25333	0.39685
SNP367	1	65231	0.42873	0.69588
SNP368	1	65313	0.76207	0.40343
SNP369	1	65541	0.38171	0.97608
SNP370	1	65830	-0.04895	1.06948
SNP371	1	65912	0.8869	0.8123
SNP372	1	66252	0.34548	0.92807
SNP373	1	66444	0.54832	0.44344
SNP374	1	66476	0.20518	0.47095
SNP375	1	66478	0.43302	0.87249
SNP376	1	66524	0.37785	1.00418
SNP377	1	66529	0.84586	0.42902
SNP378	1	66566	0.73901	0.32516
SNP379	1	66997	0.17275	0.81528
SNP380	1	67193	1.06333	0.81989
SNP381	1	67286	0.08847	1.03572
SNP382	1	67306	0.08778	0.46817
SNP383	1	67381	0.32658	0.6088
SNP384	1	67427	-0.03532	0.66051
SNP385	1	67679	0.66081	0.75919
SNP386	1	67890	0.75102	1.17372
SNP387	1	67919	0.03581	0.20011
SNP388	1	68158	0.69404	0.79596
SNP389	1	68174	0.3987	0.62815
SNP390	1	68228	0.64792	0.7959
SNP391	1	68235	0.12718	0.08705
SNP392	1	68318	0.17178	0.66141
SNP393	1	68399	0.41913	0.78079
SNP394	1	68705	0.72155	0.53245
SNP395	1	69120	0.53213	0.05687
SNP396	1	69169	0.29396	0.39446
SNP397	1	69451	0.68603	0.53118
SNP398	1	69549	0.51159	1.03817
SNP399	1	69979	0.55046	0.9604
SNP400	1	70151	0.724	1.06322
SNP401	1	70499	-0.06736	0.49935
SNP402	1	70678	-0.04333	-0.49527
SNP403	1	70801	0.19435	0.23709
SNP404	1	70891	-0.27318	0.57991
SNP405	1	71405	0.03968	-0.08467
SNP406	1	71457	-0.39361	-0.27105
SNP407	1	71740	-0.43274	0.16023
SNP408	1	71780	0.35131	0.40073
SNP409	1	71818	-0.34901	0.17735
SNP410	1	71880	0.35221	0.35389
SNP411	1	71990	0.22431	-0.20299
SNP412	1	72181	-0.63873	0.26977
SNP413	1	72269	-0.18223	-0.41235
SNP414	1	72358	0.02413	0.32762
SNP415	1	72635	-0.55803	0.08508
SNP416	1	73324	-0.85401	0.19528
SNP417	1	73348	-0.32377	-0.48724
SNP418	1	73431	0.0798	0.21773
SNP419	1	73449	0.14273	0.1815
SNP420	1	73571	0.02611	-0.04475
SNP421	1	73585	-0.30596	0.22118
SNP422	1	73678	-0.41173	0.25672
SNP423	1	73872	-0.2405	0.2033
SNP424	1	74515	-0.55633	0.32906
SNP425	1	74574	-0.34086	0.19292
SNP426	1	74583	-0.55898	0.23009
SNP427	1	74655	0.13831	-0.32318
SNP428	1	74744	0.09328	1.01352
SNP429	1	74748	0.01661	0.71041
SNP430	1	74910	0.14238	-0.66888
SNP431	1	75056	-0.08647	0.45844
SNP432	1	75061	0.62754	0.96481
SNP433	1	75067	0.08904	0.1456
SNP434	1	75133	0.85246	1.08358
SNP435	1	75147	0.39625	0.86212
SNP436	1	75325	0.58933	0.55297
SNP437	1	75538	0.79457	1.13782
SNP438	1	75554	0.39329	0.29205
SNP439	1	75849	0.42226	0.59959
SNP440	1	76268	0.34193	1.06189
SNP441	1	76330	0.22829	0.08373
SNP442	1	76469	0.59121	0.94215
SNP443	1	76607	0.79838	0.53084
SNP444	1	76684	0.11377	0.77814
SNP445	1	76763	0.61322	0.3372
SNP446	1	76992	-0.19418	0.64693
SNP447	1	77009	0.1134	0.59821
SNP448	1	77063	0.08336	0.53106
SNP449	1	77298	0.35119	0.83303
SNP450	1	77319	0.66298	0.22621
SNP451	1	77333	0.24707	0.15854
SNP452	1	77343	0.76883	0.595
SNP453	1	77485	0.8564	0.43834
SNP454	1	77751	0.15543	0.70328
SNP455	1	77800	0.5659	0.68173
SNP456	1	77918	0.30797	0.96039
SNP457	1	78112	0.33511	0.66515
SNP458	1	78147	0.66265	0.73026
SNP459	1	78203	0.52654	0.71154
SNP460	1	78251	0.8509	0.52373
SNP461	1	78332	0.63833	0.29595
SNP462	1	78458	0.64559	1.0883
SNP463	1	78495	0.27135	0.74923
SNP464	1	78510	0.57565	0.42783
SNP465	1	78578	0.40153	0.4386
SNP466	1	78858	0.65295	0.78858
SNP467	1	78898	0.40964	0.6956
SNP468	1	78902	-0.02756	1.37906
SNP469	1	78943	0.29179	0.57137
SNP470	1	79486	0.35949	0.50156
SNP471	1	79518	0.57804	0.73935
SNP472	1	79600	0.82065	1.11255
SNP473	1	79601	0.75673	0.28727
SNP474	1	79841	0.4456	1.09888
SNP475	1	80045	0.30205	0.43926
SNP476	1	80133	0.3298	0.936
SNP477	1	80519	0.44603	1.03562
SNP478	1	80557	0.49053	0.50603
SNP479	1	80688	0.2317	0.04724
SNP480	1	80950	0.13073	0.32182
SNP481	1	81206	0.20827	0.34223
SNP482	1	81228	0.23342	0.52765
SNP483	1	81273	0.05362	-0.0112
SNP484	1	81388	-0.13262	0.35535
SNP485	1	81734	-0.01253	-0.30911
SNP486	1	81791	-0.0809	0.071
SNP487	1	82794	-0.23201	-0.07984
SNP488	1	82855	0.06516	0.23802
SNP489	1	83090	-0.44777	0.12204
SNP490	1	83179	0.18438	-0.49001
SNP491	1	83344	0.10432	0.06601
SNP492	1	83379	-0.36575	0.49956
SNP493	1	83396	-0.40943	0.23069
SNP494	1	83565	0.53613	-0.22399
SNP495	1	83607	-0.34407	0.32992
SNP496	1	84086	-0.39768	-0.29983
SNP497	1	84448	-0.28342	0.04655
SNP498	1	84595	-0.06403	0.02707
SNP499	1	84643	-0.03508	0.03952
SNP500	1	84796	-0.00729	-0.14855
SNP501	1	84898	0.1492	0.22048
SNP502	1	84948	0.09354	-0.15592
SNP503	1	85315	-0.34878	-0.32633
SNP504	1	85363	0.19277	0.09262
SNP505	1	85603	-0.44198	0.37638
SNP506	1	85630	-0.2385	-0.1084
SNP507	1	85753	-0.01098	0.00171
SNP508	1	85939	-0.03183	-0.78615
SNP509	1	86224	-0.26678	0.41777
SNP510	1	86623	0.11312	0.06967
SNP511	1	86754	-0.26956	-0.14207
SNP512	1	86925	-0.04884	0.02411
SNP513	1	86979	0.06238	0.05808
SNP514	1	87072	-0.16631	0.1945
SNP515	1	87103	-0.04953	0.48067
SNP516	1	87446	-0.13911	0.04543
SNP517	1	87468	0.14613	-0.10149
SNP518	1	87520	-0.21396	-0.36467
SNP519	1	87631	0.34678	0.29132
SNP520	1	87874	-0.38381	0.21031
SNP521	1	87876	-0.38953	-0.36773
SNP522	1	87945	0.05641	0.2923
SNP523	1	88023	-0.34325	0.23105
SNP524	1	88172	0.39747	-0.16324
SNP525	1	88206	0.02609	0.49803
SNP526	1	88300	-0.37072	-0.04558
SNP527	1	88332	0.00213	0.87438
SNP528	1	88585	0.30134	-0.43121
SNP529	1	88714	0.24685	0.09628
SNP530	1	88735	-0.06394	0.43013
SNP531	1	89084	0.3719	0.5932
SNP532	1	89263	0.18499	0.22806
SNP533	1	89345	0.2814	-0.29181
SNP534	1	89950	-0.2036	0.26582
SNP535	1	89996	-0.00911	-0.68631
SNP536	1	90026	-0.16376	0.25296
SNP537	1	90190	-0.18635	-0.01847
SNP538	1	90270	-0.05257	-0.21158
SNP539	1	90284	-0.11153	0.2168
SNP540	1	90297	-0.02746	0.03512
SNP541	1	90384	-0.19574	0.11353
SNP542	1	90458	-0.18094	0.04324
SNP543	1	90642	-0.17808	-0.12341
SNP544	1	90996	-0.20564	0.43219
SNP545	1	91050	-0.01777	-0.05774
SNP546	1	91335	0.10088	-0.00165
SNP547	1	91346	0.07576	0.19082
SNP548	1	91405	0.22872	-0.30545
SNP549	1	91762	0.19258	0.3173
SNP550	1	91890	-0.11727	-0.5164
SNP551	1	91941	-0.41608	-0.3298
SNP552	1	92111	0.36025	0.07884
SNP553	1	92381	-0.63048	-0.04412
SNP554	1	92599	-0.44255	0.02827
SNP555	1	92887	-0.4195	-0.2098
SNP556	1	92995	-0.75465	0.11236
SNP557	1	93025	-0.37405	-0.06412
SNP558	1	93157	0.45562	0.24222
SNP559	1	93334	0.09363	0.23404
SNP560	1	93454	-0.2444	-0.51451
SNP561	1	93656	0.05284	-0.47204
SNP562	1	93866	0.40132	-0.3749
SNP563	1	94269	-0.06784	-0.1084
SNP564	1	94397	-0.00855	0.34672
SNP565	1	94573	0.35784	0.25724
SNP566	1	94593	0.15422	-0.11566
SNP567	1	94763	-0.34426	-0.21592
SNP568	1	94820	-0.40949	-0.02582
SNP569	1	95049	-0.12646	-0.12506
SNP570	1	95056	0.07707	0.16694
SNP571	1	95376	-0.46331	0.1877
SNP572	1	95406	-0.26753	-0.02683
SNP573	1	95422	-0.33349	0.11952
SNP574	1	95867	-0.81719	-0.49644
SNP575	1	95960	-0.2214	0.15875
SNP576	1	96203	-0.40144	0.26301
SNP577	1	96605	-0.35866	0.3565
SNP578	1	96747	-0.21121	0.16034
SNP579	1	96774	-0.19513	-0.61502
SNP580	1	96977	-0.18675	-0.15614
SNP581	1	97272	0.01137	-0.27555
SNP582	1	97290	-0.67875	0.073
SNP583	1	97558	0.17173	0.01253
SNP584	1	97566	-0.13175	-0.02502
SNP585	1	97600	-0.55892	0.3113
SNP586	1	97733	0.10956	0.28358
SNP587	1	97734	-0.79112	-0.57565
SNP588	1	97742	-0.75984	0.10908
SNP589	1	98080	-0.18499	-0.32303
SNP590	1	98400	0.08145	0.17188
SNP591	1	98785	0.36858	-0.2432
SNP592	1	99074	-0.42091	0.04168
SNP593	1	99255	-0.3015	0.37863
SNP594	1	99327	-0.48377	0.15279
SNP595	1	99332	-0.07629	0.48137
SNP596	1	99860	-0.2769	0.00997
SNP597	1	99863	-0.39718	0.03016
SNP598	1	99900	-0.17084	0.05793
SNP599	1	99931	-0.09903	0.02657
SNP600	1	99950	-0.43807	0.38128
